0.100000 0.000000 0.100000 0.000000 0.000000
0.300000 0.000317 0.100000 0.000106 0.014281
0.500000 0.015437 0.100000 0.000732 0.001231
0.700000 0.092071 0.100000 0.002131 0.001118
0.900000 0.186026 0.100000 0.003695 0.001072
1.100000 0.238319 0.100000 0.004936 0.001013
1.300000 0.280285 0.100000 0.006315 0.001016
1.500000 0.314020 0.100000 0.007751 0.000998
1.700000 0.350088 0.100000 0.009633 0.001015
1.900000 0.365208 0.100000 0.011429 0.001021
2.100000 0.399023 0.100000 0.013954 0.001083
2.300000 0.426898 0.100000 0.017616 0.001021
2.500000 0.451594 0.100000 0.019672 0.001052
2.700000 0.471132 0.100000 0.023099 0.001133
2.900000 0.455866 0.100000 0.027231 0.001139
3.100000 0.479412 0.100000 0.032296 0.001139
3.300000 0.485348 0.100000 0.036337 0.001182
3.500000 0.518421 0.100000 0.045514 0.001222
3.700000 0.500000 0.100000 0.048262 0.001593
3.900000 0.524390 0.100000 0.057004 0.001736
4.100000 0.507109 0.100000 0.060184 0.001873
4.300000 0.584337 0.100000 0.074680 0.002342
4.500000 0.538462 0.100000 0.084145 0.004440
4.700000 0.585106 0.100000 0.099331 0.002654
4.900000 0.612500 0.100000 0.111111 0.003169
5.100000 0.577465 0.100000 0.113270 0.003708
5.300000 0.584615 0.100000 0.119382 0.003708
5.500000 0.566038 0.100000 0.129326 0.003721
5.700000 0.568182 0.100000 0.142303 0.006686
5.900000 0.466667 0.100000 0.123328 0.013843
6.100000 0.382353 0.100000 0.124682 0.006130
6.300000 0.481481 0.100000 0.162538 0.009766
6.500000 0.611111 0.100000 0.165376 0.003800
6.700000 0.538462 0.100000 0.178498 0.007126
6.900000 0.588235 0.100000 0.234427 0.010960
7.100000 0.647059 0.100000 0.250381 0.014350
7.300000 0.470588 0.100000 0.201763 0.006574
7.500000 0.800000 0.100000 0.536656 0.016291
7.700000 0.444444 0.100000 0.267078 0.012762
