0.100000 0.000000 0.100000 0.000000 0.000000 0.100000 0.000000
0.300000 0.000000 0.100000 0.000000 0.011053 0.100000 0.006412
0.500000 0.005750 0.100000 0.000445 0.001218 0.100000 0.000083
0.700000 0.037704 0.100000 0.001329 0.000979 0.100000 0.000036
0.900000 0.085030 0.100000 0.002389 0.001040 0.100000 0.000022
1.100000 0.104755 0.100000 0.003091 0.000978 0.100000 0.000022
1.300000 0.120471 0.100000 0.003873 0.000927 0.100000 0.000023
1.500000 0.135828 0.100000 0.004739 0.000982 0.100000 0.000027
1.700000 0.149813 0.100000 0.005816 0.001009 0.100000 0.000031
1.900000 0.137805 0.100000 0.006409 0.001085 0.100000 0.000039
2.100000 0.155912 0.100000 0.007928 0.000979 0.100000 0.000037
2.300000 0.177280 0.100000 0.010311 0.000979 0.100000 0.000056
2.500000 0.162928 0.100000 0.010576 0.001064 0.100000 0.000073
2.700000 0.183988 0.100000 0.012950 0.001085 0.100000 0.000079
2.900000 0.183240 0.100000 0.015565 0.001209 0.100000 0.000138
3.100000 0.202941 0.100000 0.018948 0.001266 0.100000 0.000174
3.300000 0.184982 0.100000 0.020037 0.001725 0.100000 0.000514
3.500000 0.189474 0.100000 0.024353 0.001809 0.100000 0.000407
3.700000 0.204969 0.100000 0.027695 0.002546 0.100000 0.000775
3.900000 0.178862 0.100000 0.029277 0.004249 0.100000 0.004047
4.100000 0.142180 0.100000 0.027742 0.002960 0.100000 0.002759
4.300000 0.180723 0.100000 0.035853 0.002042 0.100000 0.001203
4.500000 0.213675 0.100000 0.047080 0.005027 0.100000 0.004983
4.700000 0.244681 0.100000 0.056920 0.011497 0.100000 0.006134
4.900000 0.262500 0.100000 0.064363 0.002951 0.100000 0.002381
5.100000 0.309859 0.100000 0.075608 0.009221 0.100000 0.010246
5.300000 0.184615 0.100000 0.058005 0.014117 0.100000 0.013639
5.500000 0.283019 0.100000 0.082773 0.005631 0.100000 0.007906
5.700000 0.204545 0.100000 0.074831 0.017896 0.100000 0.014086
5.900000 0.155556 0.100000 0.063202 0.019410 0.100000 0.010669
6.100000 0.088235 0.100000 0.053143 0.009730 0.100000 0.006449
6.300000 0.222222 0.100000 0.100297 0.003167 0.100000 0.005341
6.500000 0.138889 0.100000 0.066286 0.012775 0.100000 0.010712
6.700000 0.192308 0.100000 0.093909 0.004372 0.100000 0.010613
6.900000 0.176471 0.100000 0.110510 0.016806 0.100000 0.013268
7.100000 0.411765 0.100000 0.184919 0.015841 0.100000 0.013123
7.300000 0.235294 0.100000 0.130757 0.006569 0.100000 0.006100
7.500000 0.000000 0.100000 0.000000 0.258759 0.100000 1.702372
7.700000 0.111111 0.100000 0.117121 0.238432 0.100000 1.343686
