0.100000 0.000000 0.100000 0.000000 0.000000
0.300000 0.000353 0.100000 0.000112 0.014195
0.500000 0.015847 0.100000 0.000742 0.001240
0.700000 0.093425 0.100000 0.002148 0.001121
0.900000 0.187945 0.100000 0.003717 0.001074
1.100000 0.240796 0.100000 0.004966 0.001015
1.300000 0.283619 0.100000 0.006361 0.001017
1.500000 0.317222 0.100000 0.007799 0.000998
1.700000 0.354408 0.100000 0.009708 0.001014
1.900000 0.371496 0.100000 0.011553 0.001018
2.100000 0.406348 0.100000 0.014118 0.001082
2.300000 0.429954 0.100000 0.017698 0.001021
2.500000 0.458678 0.100000 0.019874 0.001049
2.700000 0.482679 0.100000 0.023472 0.001134
2.900000 0.460335 0.100000 0.027406 0.001141
3.100000 0.488235 0.100000 0.032689 0.001140
3.300000 0.496337 0.100000 0.036881 0.001175
3.500000 0.526316 0.100000 0.045978 0.001219
3.700000 0.512422 0.100000 0.049059 0.001558
3.900000 0.536585 0.100000 0.057894 0.001659
4.100000 0.507109 0.100000 0.060184 0.001873
4.300000 0.584337 0.100000 0.074680 0.002304
4.500000 0.572650 0.100000 0.087734 0.005938
4.700000 0.617021 0.100000 0.103025 0.002748
4.900000 0.625000 0.100000 0.112673 0.003246
5.100000 0.577465 0.100000 0.113270 0.003708
5.300000 0.600000 0.100000 0.121529 0.003227
5.500000 0.566038 0.100000 0.129326 0.003721
5.700000 0.590909 0.100000 0.146169 0.006473
5.900000 0.488889 0.100000 0.127183 0.009016
6.100000 0.382353 0.100000 0.124682 0.006130
6.300000 0.481481 0.100000 0.162538 0.009766
6.500000 0.611111 0.100000 0.165376 0.003800
6.700000 0.538462 0.100000 0.178498 0.007126
6.900000 0.588235 0.100000 0.234427 0.010960
7.100000 0.705882 0.100000 0.266144 0.014350
7.300000 0.470588 0.100000 0.201763 0.006574
7.500000 0.800000 0.100000 0.536656 0.016291
7.700000 0.444444 0.100000 0.267078 0.012762
