0.100000 0.000000 0.100000 0.000000 0.000000
0.300000 0.000247 0.100000 0.000093 0.014482
0.500000 0.013280 0.100000 0.000679 0.001213
0.700000 0.081640 0.100000 0.001997 0.001101
0.900000 0.166656 0.100000 0.003469 0.001061
1.100000 0.211078 0.100000 0.004594 0.000999
1.300000 0.247833 0.100000 0.005863 0.001012
1.500000 0.277770 0.100000 0.007188 0.000963
1.700000 0.308659 0.100000 0.008906 0.001024
1.900000 0.321457 0.100000 0.010549 0.001029
2.100000 0.352633 0.100000 0.012898 0.001080
2.300000 0.370352 0.100000 0.016079 0.001050
2.500000 0.393152 0.100000 0.017981 0.001036
2.700000 0.404927 0.100000 0.020927 0.001124
2.900000 0.397765 0.100000 0.024924 0.001202
3.100000 0.422059 0.100000 0.029709 0.001214
3.300000 0.423077 0.100000 0.033207 0.001296
3.500000 0.442105 0.100000 0.040961 0.001350
3.700000 0.416149 0.100000 0.042781 0.001718
3.900000 0.434959 0.100000 0.050371 0.001851
4.100000 0.445498 0.100000 0.055245 0.002341
4.300000 0.469880 0.100000 0.064503 0.002545
4.500000 0.435897 0.100000 0.073141 0.004596
4.700000 0.468085 0.100000 0.085502 0.002896
4.900000 0.537500 0.100000 0.101637 0.003313
5.100000 0.535211 0.100000 0.107577 0.004124
5.300000 0.507692 0.100000 0.108518 0.002909
5.500000 0.509434 0.100000 0.120452 0.003661
5.700000 0.477273 0.100000 0.126586 0.006498
5.900000 0.377778 0.100000 0.107548 0.020228
6.100000 0.294118 0.100000 0.105805 0.006259
6.300000 0.481481 0.100000 0.162538 0.009387
6.500000 0.527778 0.100000 0.149660 0.003313
6.700000 0.500000 0.100000 0.169842 0.006776
6.900000 0.588235 0.100000 0.234427 0.010960
7.100000 0.647059 0.100000 0.250381 0.014350
7.300000 0.470588 0.100000 0.201763 0.006574
7.500000 0.400000 0.100000 0.334664 0.011997
7.700000 0.222222 0.100000 0.173719 0.000834
