0.100000 0.000000 0.100000 0.000000 0.000000 0.100000 0.000000
0.300000 0.000353 0.100000 0.000112 0.014195 0.100000 0.007213
0.500000 0.015711 0.100000 0.000739 0.001233 0.100000 0.000045
0.700000 0.093290 0.100000 0.002146 0.001122 0.100000 0.000022
0.900000 0.187883 0.100000 0.003716 0.001074 0.100000 0.000014
1.100000 0.240548 0.100000 0.004963 0.001015 0.100000 0.000014
1.300000 0.283285 0.100000 0.006356 0.001017 0.100000 0.000015
1.500000 0.317222 0.100000 0.007799 0.000998 0.100000 0.000017
1.700000 0.353819 0.100000 0.009698 0.001013 0.100000 0.000019
1.900000 0.371234 0.100000 0.011548 0.001018 0.100000 0.000019
2.100000 0.404953 0.100000 0.014087 0.001081 0.100000 0.000023
2.300000 0.429954 0.100000 0.017698 0.001021 0.100000 0.000029
2.500000 0.458087 0.100000 0.019857 0.001049 0.100000 0.000030
2.700000 0.481909 0.100000 0.023447 0.001134 0.100000 0.000042
2.900000 0.459218 0.100000 0.027363 0.001141 0.100000 0.000048
3.100000 0.486765 0.100000 0.032623 0.001142 0.100000 0.000063
3.300000 0.496337 0.100000 0.036881 0.001175 0.100000 0.000078
3.500000 0.523684 0.100000 0.045824 0.001219 0.100000 0.000117
3.700000 0.512422 0.100000 0.049059 0.001558 0.100000 0.000166
3.900000 0.536585 0.100000 0.057894 0.001659 0.100000 0.000246
4.100000 0.507109 0.100000 0.060184 0.001873 0.100000 0.000413
4.300000 0.584337 0.100000 0.074680 0.002342 0.100000 0.000555
4.500000 0.547009 0.100000 0.085045 0.004217 0.100000 0.002519
4.700000 0.595745 0.100000 0.100565 0.002642 0.100000 0.001297
4.900000 0.625000 0.100000 0.112673 0.003246 0.100000 0.001820
5.100000 0.577465 0.100000 0.113270 0.003708 0.100000 0.002572
5.300000 0.600000 0.100000 0.121529 0.003227 0.100000 0.002767
5.500000 0.566038 0.100000 0.129326 0.003721 0.100000 0.003766
5.700000 0.590909 0.100000 0.146169 0.006473 0.100000 0.010887
5.900000 0.488889 0.100000 0.127183 0.009016 0.100000 0.010519
6.100000 0.382353 0.100000 0.124682 0.006130 0.100000 0.010382
6.300000 0.481481 0.100000 0.162538 0.009766 0.100000 0.007729
6.500000 0.611111 0.100000 0.165376 0.003800 0.100000 0.003472
6.700000 0.538462 0.100000 0.178498 0.007126 0.100000 0.009187
6.900000 0.588235 0.100000 0.234427 0.010960 0.100000 0.011121
7.100000 0.647059 0.100000 0.250381 0.014350 0.100000 0.012706
7.300000 0.470588 0.100000 0.201763 0.006574 0.100000 0.005129
7.500000 0.800000 0.100000 0.536656 0.016291 0.100000 0.012763
7.700000 0.444444 0.100000 0.267078 0.012762 0.100000 0.011180
