0.100000 0.000000 0.100000 0.000000 0.000000 0.100000 0.000000
0.300000 0.000212 0.100000 0.000086 0.013988 0.100000 0.013988
0.500000 0.013143 0.100000 0.000675 0.001167 0.100000 0.000045
0.700000 0.082679 0.100000 0.002010 0.001085 0.100000 0.000022
0.900000 0.176744 0.100000 0.003588 0.001044 0.100000 0.000014
1.100000 0.234935 0.100000 0.004894 0.000997 0.100000 0.000014
1.300000 0.279173 0.100000 0.006300 0.001012 0.100000 0.000015
1.500000 0.312855 0.100000 0.007733 0.000992 0.100000 0.000017
1.700000 0.350874 0.100000 0.009647 0.001007 0.100000 0.000019
1.900000 0.368614 0.100000 0.011496 0.001019 0.100000 0.000019
2.100000 0.400419 0.100000 0.013985 0.001086 0.100000 0.000024
2.300000 0.427407 0.100000 0.017629 0.001025 0.100000 0.000029
2.500000 0.455136 0.100000 0.019773 0.001062 0.100000 0.000031
2.700000 0.472671 0.100000 0.023149 0.001131 0.100000 0.000042
2.900000 0.455866 0.100000 0.027231 0.001139 0.100000 0.000049
3.100000 0.479412 0.100000 0.032296 0.001142 0.100000 0.000064
3.300000 0.485348 0.100000 0.036337 0.001218 0.100000 0.000086
3.500000 0.518421 0.100000 0.045514 0.001222 0.100000 0.000118
3.700000 0.503106 0.100000 0.048461 0.001550 0.100000 0.000168
3.900000 0.524390 0.100000 0.057004 0.001736 0.100000 0.000284
4.100000 0.507109 0.100000 0.060184 0.001873 0.100000 0.000413
4.300000 0.584337 0.100000 0.074680 0.002342 0.100000 0.000555
4.500000 0.538462 0.100000 0.084145 0.004440 0.100000 0.002859
4.700000 0.585106 0.100000 0.099331 0.002654 0.100000 0.001311
4.900000 0.612500 0.100000 0.111111 0.003169 0.100000 0.001698
5.100000 0.577465 0.100000 0.113270 0.003708 0.100000 0.002572
5.300000 0.584615 0.100000 0.119382 0.003708 0.100000 0.003868
5.500000 0.566038 0.100000 0.129326 0.003721 0.100000 0.003766
5.700000 0.568182 0.100000 0.142303 0.006686 0.100000 0.010772
5.900000 0.466667 0.100000 0.123328 0.013843 0.100000 0.013057
6.100000 0.382353 0.100000 0.124682 0.006130 0.100000 0.010382
6.300000 0.481481 0.100000 0.162538 0.009766 0.100000 0.007738
6.500000 0.611111 0.100000 0.165376 0.003800 0.100000 0.003472
6.700000 0.538462 0.100000 0.178498 0.007126 0.100000 0.009187
6.900000 0.588235 0.100000 0.234427 0.010960 0.100000 0.011121
7.100000 0.647059 0.100000 0.250381 0.014350 0.100000 0.012706
7.300000 0.470588 0.100000 0.201763 0.006574 0.100000 0.005129
7.500000 0.800000 0.100000 0.536656 0.016291 0.100000 0.012763
7.700000 0.444444 0.100000 0.267078 0.012762 0.100000 0.011180
