0.100000 0.000000 0.100000 0.000000 0.000000
0.300000 0.000000 0.100000 0.000000 0.012147
0.500000 0.004826 0.100000 0.000407 0.001157
0.700000 0.033911 0.100000 0.001258 0.001011
0.900000 0.080017 0.100000 0.002313 0.001020
1.100000 0.103434 0.100000 0.003069 0.000953
1.300000 0.120138 0.100000 0.003867 0.000926
1.500000 0.135536 0.100000 0.004733 0.000984
1.700000 0.149617 0.100000 0.005811 0.001010
1.900000 0.138329 0.100000 0.006423 0.001083
2.100000 0.156610 0.100000 0.007949 0.000984
2.300000 0.177280 0.100000 0.010311 0.000976
2.500000 0.164699 0.100000 0.010641 0.001071
2.700000 0.184758 0.100000 0.012981 0.001082
2.900000 0.183240 0.100000 0.015565 0.001209
3.100000 0.202941 0.100000 0.018948 0.001266
3.300000 0.183150 0.100000 0.019922 0.001625
3.500000 0.189474 0.100000 0.024353 0.001809
3.700000 0.208075 0.100000 0.027940 0.002672
3.900000 0.178862 0.100000 0.029277 0.004249
4.100000 0.142180 0.100000 0.027742 0.002960
4.300000 0.180723 0.100000 0.035853 0.002042
4.500000 0.213675 0.100000 0.047080 0.005027
4.700000 0.244681 0.100000 0.056920 0.011497
4.900000 0.262500 0.100000 0.064363 0.002951
5.100000 0.309859 0.100000 0.075608 0.009221
5.300000 0.184615 0.100000 0.058005 0.014117
5.500000 0.283019 0.100000 0.082773 0.005631
5.700000 0.204545 0.100000 0.074831 0.017896
5.900000 0.155556 0.100000 0.063202 0.019410
6.100000 0.088235 0.100000 0.053143 0.009730
6.300000 0.222222 0.100000 0.100297 0.003167
6.500000 0.138889 0.100000 0.066286 0.012775
6.700000 0.192308 0.100000 0.093909 0.004372
6.900000 0.176471 0.100000 0.110510 0.016806
7.100000 0.411765 0.100000 0.184919 0.015841
7.300000 0.235294 0.100000 0.130757 0.006568
7.500000 0.000000 0.100000 0.000000 0.258759
7.700000 0.111111 0.100000 0.117121 0.238432
