0.100000 0.000000 0.100000 0.000000 0.000000
0.300000 0.000247 0.100000 0.000093 0.013951
0.500000 0.013383 0.100000 0.000681 0.001169
0.700000 0.083853 0.100000 0.002026 0.001089
0.900000 0.178353 0.100000 0.003606 0.001046
1.100000 0.236999 0.100000 0.004919 0.000999
1.300000 0.282174 0.100000 0.006341 0.001013
1.500000 0.316203 0.100000 0.007784 0.000992
1.700000 0.354604 0.100000 0.009712 0.001005
1.900000 0.374640 0.100000 0.011616 0.001016
2.100000 0.406348 0.100000 0.014118 0.001084
2.300000 0.430464 0.100000 0.017711 0.001025
2.500000 0.461629 0.100000 0.019958 0.001059
2.700000 0.483449 0.100000 0.023497 0.001132
2.900000 0.459218 0.100000 0.027363 0.001141
3.100000 0.486765 0.100000 0.032623 0.001145
3.300000 0.496337 0.100000 0.036881 0.001205
3.500000 0.523684 0.100000 0.045824 0.001219
3.700000 0.515528 0.100000 0.049258 0.001514
3.900000 0.536585 0.100000 0.057894 0.001659
4.100000 0.507109 0.100000 0.060184 0.001873
4.300000 0.584337 0.100000 0.074680 0.002342
4.500000 0.547009 0.100000 0.085045 0.004217
4.700000 0.595745 0.100000 0.100565 0.002642
4.900000 0.625000 0.100000 0.112673 0.003246
5.100000 0.577465 0.100000 0.113270 0.003708
5.300000 0.600000 0.100000 0.121529 0.003227
5.500000 0.566038 0.100000 0.129326 0.003721
5.700000 0.590909 0.100000 0.146169 0.006473
5.900000 0.488889 0.100000 0.127183 0.009016
6.100000 0.382353 0.100000 0.124682 0.006130
6.300000 0.481481 0.100000 0.162538 0.009766
6.500000 0.611111 0.100000 0.165376 0.003800
6.700000 0.538462 0.100000 0.178498 0.007126
6.900000 0.588235 0.100000 0.234427 0.010960
7.100000 0.647059 0.100000 0.250381 0.014350
7.300000 0.470588 0.100000 0.201763 0.006574
7.500000 0.800000 0.100000 0.536656 0.016291
7.700000 0.444444 0.100000 0.267078 0.012762
