0.100000 0.000000 0.100000 0.000000 0.000000 0.100000 0.000000
0.300000 0.000247 0.100000 0.000093 0.013950 0.100000 0.012739
0.500000 0.013486 0.100000 0.000684 0.001169 0.100000 0.000044
0.700000 0.083943 0.100000 0.002027 0.001088 0.100000 0.000021
0.900000 0.178415 0.100000 0.003607 0.001046 0.100000 0.000014
1.100000 0.237246 0.100000 0.004922 0.000999 0.100000 0.000014
1.300000 0.282507 0.100000 0.006346 0.001013 0.100000 0.000015
1.500000 0.316203 0.100000 0.007784 0.000992 0.100000 0.000017
1.700000 0.355193 0.100000 0.009722 0.001006 0.100000 0.000019
1.900000 0.374902 0.100000 0.011621 0.001016 0.100000 0.000019
2.100000 0.407743 0.100000 0.014150 0.001085 0.100000 0.000023
2.300000 0.430464 0.100000 0.017711 0.001024 0.100000 0.000029
2.500000 0.462220 0.100000 0.019974 0.001058 0.100000 0.000031
2.700000 0.484219 0.100000 0.023522 0.001132 0.100000 0.000042
2.900000 0.460335 0.100000 0.027406 0.001141 0.100000 0.000049
3.100000 0.488235 0.100000 0.032689 0.001143 0.100000 0.000063
3.300000 0.496337 0.100000 0.036881 0.001205 0.100000 0.000080
3.500000 0.526316 0.100000 0.045978 0.001219 0.100000 0.000117
3.700000 0.515528 0.100000 0.049258 0.001514 0.100000 0.000160
3.900000 0.536585 0.100000 0.057894 0.001659 0.100000 0.000246
4.100000 0.507109 0.100000 0.060184 0.001873 0.100000 0.000413
4.300000 0.584337 0.100000 0.074680 0.002304 0.100000 0.000535
4.500000 0.572650 0.100000 0.087734 0.005941 0.100000 0.004699
4.700000 0.617021 0.100000 0.103025 0.002748 0.100000 0.001824
4.900000 0.625000 0.100000 0.112673 0.003246 0.100000 0.001820
5.100000 0.577465 0.100000 0.113270 0.003708 0.100000 0.002572
5.300000 0.600000 0.100000 0.121529 0.003227 0.100000 0.002767
5.500000 0.566038 0.100000 0.129326 0.003721 0.100000 0.003766
5.700000 0.590909 0.100000 0.146169 0.006473 0.100000 0.010887
5.900000 0.488889 0.100000 0.127183 0.009016 0.100000 0.010519
6.100000 0.382353 0.100000 0.124682 0.006130 0.100000 0.010382
6.300000 0.481481 0.100000 0.162538 0.009766 0.100000 0.007735
6.500000 0.611111 0.100000 0.165376 0.003800 0.100000 0.003472
6.700000 0.538462 0.100000 0.178498 0.007126 0.100000 0.009187
6.900000 0.588235 0.100000 0.234427 0.010960 0.100000 0.011121
7.100000 0.705882 0.100000 0.266144 0.014350 0.100000 0.012706
7.300000 0.470588 0.100000 0.201763 0.006574 0.100000 0.005129
7.500000 0.800000 0.100000 0.536656 0.016291 0.100000 0.012763
7.700000 0.444444 0.100000 0.267078 0.012762 0.100000 0.011180
