0.100000 0.000000 0.100000 0.000000 0.000000
0.300000 0.000317 0.100000 0.000106 0.013455
0.500000 0.016156 0.100000 0.000750 0.001262
0.700000 0.094961 0.100000 0.002167 0.001142
0.900000 0.189368 0.100000 0.003733 0.001081
1.100000 0.242034 0.100000 0.004982 0.001019
1.300000 0.282841 0.100000 0.006350 0.001020
1.500000 0.315766 0.100000 0.007777 0.001001
1.700000 0.352248 0.100000 0.009671 0.001015
1.900000 0.368614 0.100000 0.011496 0.001019
2.100000 0.401116 0.100000 0.014001 0.001086
2.300000 0.427916 0.100000 0.017643 0.001025
2.500000 0.455726 0.100000 0.019790 0.001062
2.700000 0.472671 0.100000 0.023149 0.001131
2.900000 0.455866 0.100000 0.027231 0.001139
3.100000 0.479412 0.100000 0.032296 0.001142
3.300000 0.487179 0.100000 0.036428 0.001218
3.500000 0.518421 0.100000 0.045514 0.001222
3.700000 0.503106 0.100000 0.048461 0.001550
3.900000 0.524390 0.100000 0.057004 0.001736
4.100000 0.507109 0.100000 0.060184 0.001873
4.300000 0.584337 0.100000 0.074680 0.002342
4.500000 0.538462 0.100000 0.084145 0.004440
4.700000 0.585106 0.100000 0.099331 0.002654
4.900000 0.612500 0.100000 0.111111 0.003169
5.100000 0.577465 0.100000 0.113270 0.003708
5.300000 0.584615 0.100000 0.119382 0.003708
5.500000 0.566038 0.100000 0.129326 0.003721
5.700000 0.568182 0.100000 0.142303 0.006686
5.900000 0.466667 0.100000 0.123328 0.013843
6.100000 0.382353 0.100000 0.124682 0.006130
6.300000 0.481481 0.100000 0.162538 0.009766
6.500000 0.611111 0.100000 0.165376 0.003800
6.700000 0.538462 0.100000 0.178498 0.007126
6.900000 0.588235 0.100000 0.234427 0.010960
7.100000 0.647059 0.100000 0.250381 0.014350
7.300000 0.470588 0.100000 0.201763 0.006574
7.500000 0.800000 0.100000 0.536656 0.016291
7.700000 0.444444 0.100000 0.267078 0.012762
