0.100000 0.000000 0.100000 0.000000 0.000000 0.100000 0.000000
0.300000 0.000247 0.100000 0.000093 0.013478 0.100000 0.010528
0.500000 0.013931 0.100000 0.000695 0.001257 0.100000 0.000046
0.700000 0.084349 0.100000 0.002032 0.001132 0.100000 0.000024
0.900000 0.169441 0.100000 0.003502 0.001071 0.100000 0.000015
1.100000 0.214215 0.100000 0.004634 0.001005 0.100000 0.000015
1.300000 0.250167 0.100000 0.005896 0.001017 0.100000 0.000016
1.500000 0.279226 0.100000 0.007211 0.000967 0.100000 0.000018
1.700000 0.310819 0.100000 0.008944 0.001023 0.100000 0.000021
1.900000 0.324600 0.100000 0.010613 0.001027 0.100000 0.000021
2.100000 0.354726 0.100000 0.012947 0.001085 0.100000 0.000026
2.300000 0.371370 0.100000 0.016107 0.001054 0.100000 0.000035
2.500000 0.396694 0.100000 0.018085 0.001061 0.100000 0.000035
2.700000 0.406467 0.100000 0.020978 0.001122 0.100000 0.000045
2.900000 0.397765 0.100000 0.024924 0.001202 0.100000 0.000060
3.100000 0.422059 0.100000 0.029709 0.001218 0.100000 0.000078
3.300000 0.424908 0.100000 0.033300 0.001232 0.100000 0.000137
3.500000 0.442105 0.100000 0.040961 0.001350 0.100000 0.000168
3.700000 0.419255 0.100000 0.042987 0.001673 0.100000 0.000236
3.900000 0.434959 0.100000 0.050371 0.001851 0.100000 0.000392
4.100000 0.445498 0.100000 0.055245 0.002341 0.100000 0.000746
4.300000 0.469880 0.100000 0.064503 0.002545 0.100000 0.000863
4.500000 0.435897 0.100000 0.073141 0.004596 0.100000 0.003191
4.700000 0.468085 0.100000 0.085502 0.002896 0.100000 0.001546
4.900000 0.537500 0.100000 0.101637 0.003313 0.100000 0.001977
5.100000 0.535211 0.100000 0.107577 0.004124 0.100000 0.003491
5.300000 0.507692 0.100000 0.108518 0.002909 0.100000 0.002223
5.500000 0.509434 0.100000 0.120452 0.003661 0.100000 0.004310
5.700000 0.477273 0.100000 0.126586 0.006498 0.100000 0.010744
5.900000 0.377778 0.100000 0.107548 0.020228 0.100000 0.019701
6.100000 0.294118 0.100000 0.105805 0.006259 0.100000 0.010011
6.300000 0.481481 0.100000 0.162538 0.009387 0.100000 0.007439
6.500000 0.527778 0.100000 0.149660 0.003313 0.100000 0.002693
6.700000 0.500000 0.100000 0.169842 0.006776 0.100000 0.010495
6.900000 0.588235 0.100000 0.234427 0.010960 0.100000 0.011125
7.100000 0.647059 0.100000 0.250381 0.014350 0.100000 0.012707
7.300000 0.470588 0.100000 0.201763 0.006574 0.100000 0.005129
7.500000 0.400000 0.100000 0.334664 0.011997 0.100000 0.007119
7.700000 0.222222 0.100000 0.173719 0.000834 0.100000 0.006117
