0.100000 0.000000 0.100000 0.000000 0.000000 0.100000 0.000000
0.300000 0.000000 0.100000 0.000000 0.012184 0.100000 0.009885
0.500000 0.006058 0.100000 0.000457 0.001283 0.100000 0.000085
0.700000 0.039059 0.100000 0.001354 0.001023 0.100000 0.000035
0.900000 0.086268 0.100000 0.002408 0.001053 0.100000 0.000022
1.100000 0.106488 0.100000 0.003119 0.000983 0.100000 0.000021
1.300000 0.121916 0.100000 0.003899 0.000928 0.100000 0.000023
1.500000 0.136556 0.100000 0.004753 0.000988 0.100000 0.000027
1.700000 0.150599 0.100000 0.005833 0.001013 0.100000 0.000031
1.900000 0.138329 0.100000 0.006423 0.001083 0.100000 0.000039
2.100000 0.156958 0.100000 0.007959 0.000984 0.100000 0.000037
2.300000 0.177789 0.100000 0.010328 0.000976 0.100000 0.000055
2.500000 0.164699 0.100000 0.010641 0.001071 0.100000 0.000073
2.700000 0.184758 0.100000 0.012981 0.001082 0.100000 0.000079
2.900000 0.183240 0.100000 0.015565 0.001209 0.100000 0.000138
3.100000 0.202941 0.100000 0.018948 0.001266 0.100000 0.000174
3.300000 0.184982 0.100000 0.020037 0.001725 0.100000 0.000514
3.500000 0.189474 0.100000 0.024353 0.001809 0.100000 0.000407
3.700000 0.208075 0.100000 0.027940 0.002672 0.100000 0.000863
3.900000 0.178862 0.100000 0.029277 0.004249 0.100000 0.004047
4.100000 0.142180 0.100000 0.027742 0.002960 0.100000 0.002759
4.300000 0.180723 0.100000 0.035853 0.002042 0.100000 0.001203
4.500000 0.213675 0.100000 0.047080 0.005027 0.100000 0.004983
4.700000 0.244681 0.100000 0.056920 0.011497 0.100000 0.006134
4.900000 0.262500 0.100000 0.064363 0.002951 0.100000 0.002381
5.100000 0.309859 0.100000 0.075608 0.009221 0.100000 0.010246
5.300000 0.184615 0.100000 0.058005 0.014117 0.100000 0.013639
5.500000 0.283019 0.100000 0.082773 0.005631 0.100000 0.007906
5.700000 0.204545 0.100000 0.074831 0.017896 0.100000 0.014086
5.900000 0.155556 0.100000 0.063202 0.019410 0.100000 0.010669
6.100000 0.088235 0.100000 0.053143 0.009730 0.100000 0.006449
6.300000 0.222222 0.100000 0.100297 0.003167 0.100000 0.005341
6.500000 0.138889 0.100000 0.066286 0.012775 0.100000 0.010712
6.700000 0.192308 0.100000 0.093909 0.004372 0.100000 0.010613
6.900000 0.176471 0.100000 0.110510 0.016806 0.100000 0.013268
7.100000 0.411765 0.100000 0.184919 0.015841 0.100000 0.013144
7.300000 0.235294 0.100000 0.130757 0.006570 0.100000 0.003295
7.500000 0.000000 0.100000 0.000000 0.242681 0.100000 2.337435
7.700000 0.111111 0.100000 0.117121 0.249878 0.100000 2.165339
