0.100000 0.000000 0.100000 0.000000 0.000000
0.300000 0.000353 0.100000 0.000112 0.013401
0.500000 0.016566 0.100000 0.000759 0.001264
0.700000 0.096361 0.100000 0.002184 0.001144
0.900000 0.191348 0.100000 0.003756 0.001083
1.100000 0.244510 0.100000 0.005012 0.001021
1.300000 0.286175 0.100000 0.006396 0.001021
1.500000 0.319115 0.100000 0.007828 0.001001
1.700000 0.356568 0.100000 0.009746 0.001014
1.900000 0.374902 0.100000 0.011621 0.001016
2.100000 0.408441 0.100000 0.014165 0.001085
2.300000 0.430973 0.100000 0.017725 0.001025
2.500000 0.462810 0.100000 0.019991 0.001059
2.700000 0.484219 0.100000 0.023522 0.001132
2.900000 0.460335 0.100000 0.027406 0.001141
3.100000 0.488235 0.100000 0.032689 0.001143
3.300000 0.498168 0.100000 0.036972 0.001205
3.500000 0.526316 0.100000 0.045978 0.001219
3.700000 0.515528 0.100000 0.049258 0.001514
3.900000 0.536585 0.100000 0.057894 0.001659
4.100000 0.507109 0.100000 0.060184 0.001873
4.300000 0.584337 0.100000 0.074680 0.002304
4.500000 0.572650 0.100000 0.087734 0.005939
4.700000 0.617021 0.100000 0.103025 0.002748
4.900000 0.625000 0.100000 0.112673 0.003246
5.100000 0.577465 0.100000 0.113270 0.003708
5.300000 0.600000 0.100000 0.121529 0.003227
5.500000 0.566038 0.100000 0.129326 0.003721
5.700000 0.590909 0.100000 0.146169 0.006473
5.900000 0.488889 0.100000 0.127183 0.009016
6.100000 0.382353 0.100000 0.124682 0.006130
6.300000 0.481481 0.100000 0.162538 0.009766
6.500000 0.611111 0.100000 0.165376 0.003800
6.700000 0.538462 0.100000 0.178498 0.007126
6.900000 0.588235 0.100000 0.234427 0.010960
7.100000 0.705882 0.100000 0.266144 0.014350
7.300000 0.470588 0.100000 0.201763 0.006574
7.500000 0.800000 0.100000 0.536656 0.016291
7.700000 0.444444 0.100000 0.267078 0.012762
