0.100000 0.000000 0.100000 0.000000 0.000000
0.300000 0.000000 0.100000 0.000000 0.011167
0.500000 0.005273 0.100000 0.000465 0.001082
0.700000 0.036508 0.100000 0.001431 0.001002
0.900000 0.081111 0.100000 0.002552 0.001051
1.100000 0.100919 0.100000 0.003314 0.000977
1.300000 0.117217 0.100000 0.004174 0.000913
1.500000 0.135097 0.100000 0.005184 0.000974
1.700000 0.147802 0.100000 0.006299 0.001000
1.900000 0.136578 0.100000 0.006981 0.001096
2.100000 0.156525 0.100000 0.008716 0.001059
2.300000 0.176176 0.100000 0.011398 0.000851
2.500000 0.164085 0.100000 0.011598 0.001055
2.700000 0.181314 0.100000 0.014076 0.001196
2.900000 0.182299 0.100000 0.016874 0.001346
3.100000 0.197256 0.100000 0.020127 0.001246
3.300000 0.180974 0.100000 0.022268 0.002837
3.500000 0.186709 0.100000 0.026480 0.001994
3.700000 0.220217 0.100000 0.031146 0.002669
3.900000 0.186916 0.100000 0.032198 0.002719
4.100000 0.140449 0.100000 0.029998 0.006787
4.300000 0.165517 0.100000 0.036475 0.001976
4.500000 0.227723 0.100000 0.052613 0.005009
4.700000 0.222222 0.100000 0.057906 0.012262
4.900000 0.273973 0.100000 0.069147 0.002739
5.100000 0.338462 0.100000 0.083484 0.009221
5.300000 0.181818 0.100000 0.062505 0.014897
5.500000 0.279070 0.100000 0.091111 0.005935
5.700000 0.214286 0.100000 0.078710 0.018336
5.900000 0.156250 0.100000 0.075138 0.021245
6.100000 0.062500 0.100000 0.045554 0.011078
6.300000 0.250000 0.100000 0.114109 0.002480
6.500000 0.096774 0.100000 0.058514 0.010330
6.700000 0.111111 0.100000 0.082817 0.001544
6.900000 0.300000 0.100000 0.197484 0.016806
7.100000 0.294118 0.100000 0.149631 0.018111
7.300000 0.250000 0.100000 0.197642 0.000389
7.500000 0.000000 0.100000 0.000000 0.247871
7.700000 0.125000 0.100000 0.132583 0.251131
