0.100000 0.000000 0.100000 0.000000 0.000000
0.300000 0.000256 0.100000 0.000104 0.013418
0.500000 0.014878 0.100000 0.000786 0.001140
0.700000 0.090108 0.100000 0.002305 0.001091
0.900000 0.180272 0.100000 0.003975 0.001046
1.100000 0.231788 0.100000 0.005312 0.000999
1.300000 0.278739 0.100000 0.006886 0.000998
1.500000 0.313124 0.100000 0.008488 0.000967
1.700000 0.347287 0.100000 0.010461 0.000995
1.900000 0.367033 0.100000 0.012551 0.001033
2.100000 0.404112 0.100000 0.015431 0.001073
2.300000 0.415047 0.100000 0.019189 0.000970
2.500000 0.451408 0.100000 0.021480 0.001038
2.700000 0.466235 0.100000 0.025147 0.001139
2.900000 0.459709 0.100000 0.029773 0.001165
3.100000 0.490566 0.100000 0.035415 0.001139
3.300000 0.484919 0.100000 0.040874 0.001194
3.500000 0.506329 0.100000 0.049128 0.001234
3.700000 0.537906 0.100000 0.054649 0.001612
3.900000 0.546729 0.100000 0.062862 0.001801
4.100000 0.477528 0.100000 0.062959 0.001917
4.300000 0.572414 0.100000 0.078787 0.002515
4.500000 0.574257 0.100000 0.094609 0.004338
4.700000 0.543210 0.100000 0.101731 0.002691
4.900000 0.630137 0.100000 0.118623 0.003697
5.100000 0.600000 0.100000 0.121529 0.003967
5.300000 0.618182 0.100000 0.134862 0.003340
5.500000 0.534884 0.100000 0.138176 0.004985
5.700000 0.571429 0.100000 0.146219 0.005691
5.900000 0.531250 0.100000 0.159440 0.012602
6.100000 0.375000 0.100000 0.126938 0.014124
6.300000 0.458333 0.100000 0.166884 0.004073
6.500000 0.548387 0.100000 0.165502 0.003663
6.700000 0.444444 0.100000 0.188853 0.005986
6.900000 0.900000 0.100000 0.413521 0.010477
7.100000 0.529412 0.100000 0.218240 0.014956
7.300000 0.625000 0.100000 0.356305 0.004350
7.500000 0.800000 0.100000 0.536656 0.016291
7.700000 0.500000 0.100000 0.306186 0.012762
