0.100000 0.000000 0.100000 0.000000 0.000000 0.100000 0.000000
0.300000 0.000128 0.100000 0.000074 0.012974 0.100000 0.012931
0.500000 0.012712 0.100000 0.000725 0.001090 0.100000 0.000051
0.700000 0.078641 0.100000 0.002142 0.001094 0.100000 0.000026
0.900000 0.160365 0.100000 0.003718 0.001035 0.100000 0.000017
1.100000 0.203618 0.100000 0.004922 0.000985 0.100000 0.000016
1.300000 0.244545 0.100000 0.006363 0.000992 0.100000 0.000018
1.500000 0.273173 0.100000 0.007807 0.000956 0.100000 0.000019
1.700000 0.303321 0.100000 0.009615 0.001013 0.100000 0.000023
1.900000 0.316170 0.100000 0.011430 0.001044 0.100000 0.000024
2.100000 0.353756 0.100000 0.014176 0.001073 0.100000 0.000029
2.300000 0.358621 0.100000 0.017478 0.000996 0.100000 0.000039
2.500000 0.386620 0.100000 0.019430 0.001010 0.100000 0.000036
2.700000 0.390379 0.100000 0.022408 0.001153 0.100000 0.000056
2.900000 0.401585 0.100000 0.027268 0.001214 0.100000 0.000071
3.100000 0.423671 0.100000 0.032165 0.001225 0.100000 0.000093
3.300000 0.403712 0.100000 0.036261 0.001323 0.100000 0.000143
3.500000 0.427215 0.100000 0.043926 0.001397 0.100000 0.000192
3.700000 0.440433 0.100000 0.047857 0.001834 0.100000 0.000301
3.900000 0.443925 0.100000 0.054729 0.001951 0.100000 0.000443
4.100000 0.432584 0.100000 0.059005 0.002292 0.100000 0.000932
4.300000 0.455172 0.100000 0.067587 0.002378 0.100000 0.000954
4.500000 0.465347 0.100000 0.082167 0.004561 0.100000 0.003288
4.700000 0.419753 0.100000 0.085775 0.003333 0.100000 0.002534
4.900000 0.547945 0.100000 0.107792 0.003681 0.100000 0.002670
5.100000 0.553846 0.100000 0.115065 0.004318 0.100000 0.003941
5.300000 0.509091 0.100000 0.118188 0.002964 0.100000 0.002462
5.500000 0.488372 0.100000 0.130016 0.003835 0.100000 0.005007
5.700000 0.452381 0.100000 0.125074 0.005436 0.100000 0.008802
5.900000 0.437500 0.100000 0.140190 0.020841 0.100000 0.014312
6.100000 0.281250 0.100000 0.106118 0.013557 0.100000 0.009674
6.300000 0.458333 0.100000 0.166884 0.002540 0.100000 0.003533
6.500000 0.451613 0.100000 0.145421 0.002933 0.100000 0.002923
6.700000 0.444444 0.100000 0.188853 0.005986 0.100000 0.007910
6.900000 0.900000 0.100000 0.413521 0.010477 0.100000 0.007176
7.100000 0.529412 0.100000 0.218240 0.014956 0.100000 0.008185
7.300000 0.625000 0.100000 0.356305 0.004350 0.100000 0.008126
7.500000 0.400000 0.100000 0.334664 0.011792 0.100000 0.007282
7.700000 0.250000 0.100000 0.197642 0.000834 0.100000 0.006117
