0.100000 0.000000 0.100000 0.000000 0.000000 0.100000 0.000000
0.300000 0.000213 0.100000 0.000095 0.013159 0.100000 0.010972
0.500000 0.014673 0.100000 0.000780 0.001137 0.100000 0.000046
0.700000 0.088864 0.100000 0.002288 0.001089 0.100000 0.000023
0.900000 0.178489 0.100000 0.003953 0.001045 0.100000 0.000016
1.100000 0.229712 0.100000 0.005284 0.000997 0.100000 0.000016
1.300000 0.275412 0.100000 0.006836 0.000998 0.100000 0.000017
1.500000 0.309795 0.100000 0.008432 0.000968 0.100000 0.000018
1.700000 0.344013 0.100000 0.010398 0.000997 0.100000 0.000021
1.900000 0.360440 0.100000 0.012408 0.001036 0.100000 0.000023
2.100000 0.398238 0.100000 0.015286 0.001075 0.100000 0.000027
2.300000 0.413166 0.100000 0.019133 0.000971 0.100000 0.000034
2.500000 0.443662 0.100000 0.021238 0.001042 0.100000 0.000035
2.700000 0.455134 0.100000 0.024752 0.001133 0.100000 0.000049
2.900000 0.455746 0.100000 0.029604 0.001161 0.100000 0.000057
3.100000 0.481990 0.100000 0.035003 0.001139 0.100000 0.000078
3.300000 0.477958 0.100000 0.040484 0.001198 0.100000 0.000108
3.500000 0.503165 0.100000 0.048923 0.001245 0.100000 0.000119
3.700000 0.527076 0.100000 0.053905 0.001660 0.100000 0.000218
3.900000 0.532710 0.100000 0.061769 0.001902 0.100000 0.000371
4.100000 0.477528 0.100000 0.062959 0.001917 0.100000 0.000509
4.300000 0.572414 0.100000 0.078787 0.002515 0.100000 0.000769
4.500000 0.564356 0.100000 0.093494 0.004535 0.100000 0.003100
4.700000 0.543210 0.100000 0.101731 0.002691 0.100000 0.001545
4.900000 0.616438 0.100000 0.116832 0.003594 0.100000 0.002415
5.100000 0.600000 0.100000 0.121529 0.003967 0.100000 0.003102
5.300000 0.600000 0.100000 0.132116 0.003901 0.100000 0.004564
5.500000 0.534884 0.100000 0.138176 0.004985 0.100000 0.009225
5.700000 0.547619 0.100000 0.142052 0.005771 0.100000 0.009676
5.900000 0.531250 0.100000 0.159440 0.012602 0.100000 0.011461
6.100000 0.375000 0.100000 0.126938 0.014124 0.100000 0.011936
6.300000 0.458333 0.100000 0.166884 0.004073 0.100000 0.008463
6.500000 0.548387 0.100000 0.165502 0.003663 0.100000 0.004301
6.700000 0.444444 0.100000 0.188853 0.005986 0.100000 0.007910
6.900000 0.900000 0.100000 0.413521 0.010477 0.100000 0.007176
7.100000 0.529412 0.100000 0.218240 0.014956 0.100000 0.008185
7.300000 0.625000 0.100000 0.356305 0.004350 0.100000 0.008126
7.500000 0.800000 0.100000 0.536656 0.016291 0.100000 0.012705
7.700000 0.500000 0.100000 0.306186 0.012762 0.100000 0.011180
