0.100000 0.000000 0.100000 0.000000 0.000000 0.100000 0.000000
0.300000 0.000271 0.100000 0.000102 0.007669 0.100000 0.009207
0.500000 0.013417 0.100000 0.000714 0.001272 0.100000 0.000052
0.700000 0.084773 0.100000 0.002131 0.001139 0.100000 0.000026
0.900000 0.169760 0.100000 0.003661 0.001067 0.100000 0.000016
1.100000 0.214209 0.100000 0.004836 0.001005 0.100000 0.000015
1.300000 0.249150 0.100000 0.006147 0.001020 0.100000 0.000017
1.500000 0.278668 0.100000 0.007518 0.000965 0.100000 0.000018
1.700000 0.306337 0.100000 0.009272 0.001016 0.100000 0.000022
1.900000 0.323420 0.100000 0.011063 0.001027 0.100000 0.000022
2.100000 0.360300 0.100000 0.013549 0.001091 0.100000 0.000027
2.300000 0.368595 0.100000 0.016671 0.001066 0.100000 0.000036
2.500000 0.397049 0.100000 0.018863 0.001048 0.100000 0.000035
2.700000 0.405473 0.100000 0.021738 0.001120 0.100000 0.000049
2.900000 0.396064 0.100000 0.026079 0.001190 0.100000 0.000069
3.100000 0.423895 0.100000 0.031430 0.001267 0.100000 0.000089
3.300000 0.431641 0.100000 0.034741 0.001311 0.100000 0.000151
3.500000 0.456338 0.100000 0.043267 0.001337 0.100000 0.000161
3.700000 0.404181 0.100000 0.044469 0.001467 0.100000 0.000269
3.900000 0.419643 0.100000 0.051571 0.001838 0.100000 0.000480
4.100000 0.447917 0.100000 0.058119 0.002235 0.100000 0.000733
4.300000 0.453333 0.100000 0.066274 0.002815 0.100000 0.001106
4.500000 0.421053 0.100000 0.072447 0.004966 0.100000 0.003753
4.700000 0.476744 0.100000 0.090479 0.003360 0.100000 0.002437
4.900000 0.527027 0.100000 0.104286 0.003206 0.100000 0.002262
5.100000 0.564516 0.100000 0.119353 0.004561 0.100000 0.004738
5.300000 0.507937 0.100000 0.110262 0.003035 0.100000 0.002500
5.500000 0.534884 0.100000 0.138176 0.006417 0.100000 0.009447
5.700000 0.475000 0.100000 0.132347 0.008254 0.100000 0.009291
5.900000 0.372093 0.100000 0.108964 0.019870 0.100000 0.018761
6.100000 0.296296 0.100000 0.119271 0.013635 0.100000 0.010246
6.300000 0.478261 0.100000 0.175325 0.007338 0.100000 0.011357
6.500000 0.500000 0.100000 0.148522 0.003139 0.100000 0.002484
6.700000 0.480000 0.100000 0.168570 0.006130 0.100000 0.011852
6.900000 0.562500 0.100000 0.234375 0.009550 0.100000 0.007867
7.100000 0.666667 0.100000 0.272166 0.014848 0.100000 0.012926
7.300000 0.470588 0.100000 0.201763 0.006581 0.100000 0.005223
7.500000 0.400000 0.100000 0.334664 0.011964 0.100000 0.009087
7.700000 0.222222 0.100000 0.173719 0.000834 0.100000 0.006117
