0.100000 0.000000 0.100000 0.000000 0.000000 0.100000 0.000000
0.300000 0.000348 0.100000 0.000116 0.006657 0.100000 0.008100
0.500000 0.015703 0.100000 0.000773 0.001285 0.100000 0.000049
0.700000 0.095240 0.100000 0.002269 0.001149 0.100000 0.000024
0.900000 0.190145 0.100000 0.003908 0.001079 0.100000 0.000015
1.100000 0.242086 0.100000 0.005200 0.001020 0.100000 0.000015
1.300000 0.281569 0.100000 0.006619 0.001023 0.100000 0.000016
1.500000 0.314830 0.100000 0.008103 0.000995 0.100000 0.000018
1.700000 0.346724 0.100000 0.010015 0.001012 0.100000 0.000021
1.900000 0.368316 0.100000 0.012005 0.001018 0.100000 0.000020
2.100000 0.406742 0.100000 0.014639 0.001088 0.100000 0.000024
2.300000 0.426997 0.100000 0.018323 0.001038 0.100000 0.000031
2.500000 0.457344 0.100000 0.020677 0.001046 0.100000 0.000031
2.700000 0.471808 0.100000 0.023996 0.001130 0.100000 0.000046
2.900000 0.457565 0.100000 0.028641 0.001116 0.100000 0.000054
3.100000 0.472995 0.100000 0.033768 0.001179 0.100000 0.000071
3.300000 0.494141 0.100000 0.037974 0.001257 0.100000 0.000095
3.500000 0.535211 0.100000 0.048110 0.001242 0.100000 0.000119
3.700000 0.494774 0.100000 0.050763 0.001384 0.100000 0.000182
3.900000 0.513393 0.100000 0.058895 0.001732 0.100000 0.000333
4.100000 0.515625 0.100000 0.063799 0.001966 0.100000 0.000469
4.300000 0.573333 0.100000 0.077548 0.002585 0.100000 0.000720
4.500000 0.508772 0.100000 0.082058 0.004771 0.100000 0.003348
4.700000 0.604651 0.100000 0.106217 0.002716 0.100000 0.001500
4.900000 0.608108 0.100000 0.114956 0.002939 0.100000 0.001571
5.100000 0.612903 0.100000 0.126271 0.004078 0.100000 0.003396
5.300000 0.587302 0.100000 0.121644 0.003886 0.100000 0.004367
5.500000 0.581395 0.100000 0.146225 0.004169 0.100000 0.005175
5.700000 0.525000 0.100000 0.141477 0.008162 0.100000 0.008692
5.900000 0.465116 0.100000 0.125887 0.013818 0.100000 0.014014
6.100000 0.370370 0.100000 0.137106 0.014557 0.100000 0.011576
6.300000 0.478261 0.100000 0.175325 0.007338 0.100000 0.011357
6.500000 0.558824 0.100000 0.160065 0.003328 0.100000 0.002728
6.700000 0.520000 0.100000 0.177809 0.006480 0.100000 0.011079
6.900000 0.562500 0.100000 0.234375 0.009550 0.100000 0.007867
7.100000 0.666667 0.100000 0.272166 0.014848 0.100000 0.012927
7.300000 0.470588 0.100000 0.201763 0.006581 0.100000 0.005223
7.500000 0.800000 0.100000 0.536656 0.016291 0.100000 0.012763
7.700000 0.444444 0.100000 0.267078 0.012762 0.100000 0.011180
