0.100000 0.000000 0.100000 0.000000 0.000000 0.100000 0.000000
0.300000 0.000387 0.100000 0.000122 0.006962 0.100000 0.006382
0.500000 0.016078 0.100000 0.000782 0.001283 0.100000 0.000048
0.700000 0.096524 0.100000 0.002286 0.001151 0.100000 0.000023
0.900000 0.192103 0.100000 0.003932 0.001081 0.100000 0.000015
1.100000 0.244784 0.100000 0.005235 0.001022 0.100000 0.000015
1.300000 0.285211 0.100000 0.006671 0.001024 0.100000 0.000016
1.500000 0.318477 0.100000 0.008161 0.000995 0.100000 0.000018
1.700000 0.351235 0.100000 0.010097 0.001012 0.100000 0.000020
1.900000 0.374607 0.100000 0.012135 0.001015 0.100000 0.000020
2.100000 0.413483 0.100000 0.014795 0.001089 0.100000 0.000024
2.300000 0.429752 0.100000 0.018399 0.001035 0.100000 0.000030
2.500000 0.464400 0.100000 0.020886 0.001044 0.100000 0.000031
2.700000 0.482587 0.100000 0.024357 0.001140 0.100000 0.000045
2.900000 0.462485 0.100000 0.028844 0.001115 0.100000 0.000054
3.100000 0.481178 0.100000 0.034154 0.001180 0.100000 0.000071
3.300000 0.503906 0.100000 0.038472 0.001243 0.100000 0.000088
3.500000 0.543662 0.100000 0.048621 0.001243 0.100000 0.000119
3.700000 0.508711 0.100000 0.051713 0.001334 0.100000 0.000157
3.900000 0.526786 0.100000 0.059921 0.001654 0.100000 0.000288
4.100000 0.515625 0.100000 0.063799 0.001966 0.100000 0.000469
4.300000 0.573333 0.100000 0.077548 0.002542 0.100000 0.000691
4.500000 0.543860 0.100000 0.085821 0.006580 0.100000 0.005506
4.700000 0.639535 0.100000 0.110419 0.003079 0.100000 0.008454
4.900000 0.621622 0.100000 0.116714 0.002977 0.100000 0.001635
5.100000 0.612903 0.100000 0.126271 0.004078 0.100000 0.003396
5.300000 0.603175 0.100000 0.123892 0.003345 0.100000 0.003057
5.500000 0.581395 0.100000 0.146225 0.004169 0.100000 0.005175
5.700000 0.550000 0.100000 0.145988 0.007654 0.100000 0.009616
5.900000 0.488372 0.100000 0.130016 0.009052 0.100000 0.010534
6.100000 0.370370 0.100000 0.137106 0.014557 0.100000 0.011573
6.300000 0.478261 0.100000 0.175325 0.007338 0.100000 0.011357
6.500000 0.558824 0.100000 0.160065 0.003328 0.100000 0.002728
6.700000 0.520000 0.100000 0.177809 0.006480 0.100000 0.011079
6.900000 0.562500 0.100000 0.234375 0.009550 0.100000 0.007867
7.100000 0.733333 0.100000 0.291103 0.014848 0.100000 0.012925
7.300000 0.470588 0.100000 0.201763 0.006581 0.100000 0.005223
7.500000 0.800000 0.100000 0.536656 0.016291 0.100000 0.012763
7.700000 0.444444 0.100000 0.267078 0.012762 0.100000 0.011180
