0.100000 0.000000 0.100000 0.000000 0.000000
0.300000 0.000000 0.100000 0.000000 0.004320
0.500000 0.005659 0.100000 0.000462 0.001398
0.700000 0.039103 0.100000 0.001416 0.001043
0.900000 0.086601 0.100000 0.002520 0.001055
1.100000 0.106115 0.100000 0.003249 0.000984
1.300000 0.120325 0.100000 0.004046 0.000934
1.500000 0.136082 0.100000 0.004952 0.000983
1.700000 0.148443 0.100000 0.006052 0.000983
1.900000 0.138690 0.100000 0.006720 0.001071
2.100000 0.161423 0.100000 0.008380 0.000998
2.300000 0.176860 0.100000 0.010709 0.000990
2.500000 0.163566 0.100000 0.011049 0.001096
2.700000 0.186567 0.100000 0.013548 0.001097
2.900000 0.184502 0.100000 0.016395 0.001286
3.100000 0.202946 0.100000 0.019989 0.001352
3.300000 0.189453 0.100000 0.020979 0.001932
3.500000 0.191549 0.100000 0.025356 0.001944
3.700000 0.202091 0.100000 0.029094 0.002639
3.900000 0.178571 0.100000 0.030652 0.005278
4.100000 0.145833 0.100000 0.029501 0.002955
4.300000 0.166667 0.100000 0.036004 0.001871
4.500000 0.210526 0.100000 0.047281 0.005910
4.700000 0.255814 0.100000 0.061119 0.011705
4.900000 0.270270 0.100000 0.068113 0.003448
5.100000 0.306452 0.100000 0.080358 0.011754
5.300000 0.190476 0.100000 0.059994 0.014948
5.500000 0.255814 0.100000 0.086435 0.014861
5.700000 0.200000 0.100000 0.077460 0.017569
5.900000 0.139535 0.100000 0.060809 0.019751
6.100000 0.111111 0.100000 0.067620 0.009730
6.300000 0.260870 0.100000 0.119587 0.003167
6.500000 0.147059 0.100000 0.070437 0.012775
6.700000 0.200000 0.100000 0.097980 0.004372
6.900000 0.187500 0.100000 0.117966 0.016806
7.100000 0.400000 0.100000 0.193218 0.016786
7.300000 0.235294 0.100000 0.130757 0.006570
7.500000 0.000000 0.100000 0.000000 0.258759
7.700000 0.111111 0.100000 0.117121 0.238432
