0.100000 0.000000 0.100000 0.000000 0.000000
0.300000 0.000387 0.100000 0.000122 0.006962
0.500000 0.015965 0.100000 0.000780 0.001288
0.700000 0.096376 0.100000 0.002284 0.001152
0.900000 0.192035 0.100000 0.003931 0.001081
1.100000 0.244514 0.100000 0.005231 0.001022
1.300000 0.284847 0.100000 0.006666 0.001025
1.500000 0.318477 0.100000 0.008161 0.000995
1.700000 0.350591 0.100000 0.010086 0.001010
1.900000 0.374607 0.100000 0.012135 0.001015
2.100000 0.412360 0.100000 0.014769 0.001087
2.300000 0.429752 0.100000 0.018399 0.001035
2.500000 0.464400 0.100000 0.020886 0.001044
2.700000 0.481758 0.100000 0.024329 0.001140
2.900000 0.461255 0.100000 0.028793 0.001115
3.100000 0.479542 0.100000 0.034077 0.001182
3.300000 0.503906 0.100000 0.038472 0.001243
3.500000 0.540845 0.100000 0.048451 0.001243
3.700000 0.508711 0.100000 0.051713 0.001334
3.900000 0.526786 0.100000 0.059921 0.001654
4.100000 0.515625 0.100000 0.063799 0.001966
4.300000 0.573333 0.100000 0.077548 0.002585
4.500000 0.517544 0.100000 0.083003 0.004839
4.700000 0.616279 0.100000 0.107621 0.002701
4.900000 0.621622 0.100000 0.116714 0.002977
5.100000 0.612903 0.100000 0.126271 0.004078
5.300000 0.603175 0.100000 0.123892 0.003345
5.500000 0.581395 0.100000 0.146225 0.004169
5.700000 0.550000 0.100000 0.145988 0.007654
5.900000 0.488372 0.100000 0.130016 0.009052
6.100000 0.370370 0.100000 0.137106 0.014557
6.300000 0.478261 0.100000 0.175325 0.007338
6.500000 0.558824 0.100000 0.160065 0.003328
6.700000 0.520000 0.100000 0.177809 0.006480
6.900000 0.562500 0.100000 0.234375 0.009550
7.100000 0.666667 0.100000 0.272166 0.014848
7.300000 0.470588 0.100000 0.201763 0.006581
7.500000 0.800000 0.100000 0.536656 0.016291
7.700000 0.444444 0.100000 0.267078 0.012762
