0.100000 0.000000 0.100000 0.000000 0.000000 0.100000 0.000000
0.300000 0.000247 0.100000 0.000093 0.013479 0.100000 0.006840
0.500000 0.013958 0.100000 0.000697 0.001258 0.100000 0.000046
0.700000 0.084322 0.100000 0.002034 0.001132 0.100000 0.000024
0.900000 0.169549 0.100000 0.003506 0.001071 0.100000 0.000015
1.100000 0.214185 0.100000 0.004637 0.001005 0.100000 0.000015
1.300000 0.250417 0.100000 0.005903 0.001018 0.100000 0.000016
1.500000 0.278985 0.100000 0.007214 0.000968 0.100000 0.000018
1.700000 0.310596 0.100000 0.008945 0.001024 0.100000 0.000021
1.900000 0.325112 0.100000 0.010632 0.001027 0.100000 0.000021
2.100000 0.354669 0.100000 0.012963 0.001086 0.100000 0.000026
2.300000 0.371808 0.100000 0.016140 0.001054 0.100000 0.000035
2.500000 0.397163 0.100000 0.018110 0.001063 0.100000 0.000035
2.700000 0.405093 0.100000 0.020957 0.001126 0.100000 0.000045
2.900000 0.398210 0.100000 0.024956 0.001202 0.100000 0.000060
3.100000 0.422059 0.100000 0.029709 0.001218 0.100000 0.000078
3.300000 0.424908 0.100000 0.033300 0.001232 0.100000 0.000137
3.500000 0.442105 0.100000 0.040961 0.001350 0.100000 0.000168
3.700000 0.419255 0.100000 0.042987 0.001673 0.100000 0.000236
3.900000 0.434959 0.100000 0.050371 0.001901 0.100000 0.000413
4.100000 0.442857 0.100000 0.055161 0.002349 0.100000 0.000764
4.300000 0.469880 0.100000 0.064503 0.002545 0.100000 0.000863
4.500000 0.427350 0.100000 0.072205 0.004504 0.100000 0.003222
4.700000 0.473118 0.100000 0.086569 0.002896 0.100000 0.001546
4.900000 0.537500 0.100000 0.101637 0.003313 0.100000 0.001977
5.100000 0.535211 0.100000 0.107577 0.004124 0.100000 0.003491
5.300000 0.507692 0.100000 0.108518 0.002909 0.100000 0.002223
5.500000 0.509434 0.100000 0.120452 0.003661 0.100000 0.004310
5.700000 0.477273 0.100000 0.126586 0.006498 0.100000 0.010744
5.900000 0.377778 0.100000 0.107548 0.020228 0.100000 0.019701
6.100000 0.303030 0.100000 0.109386 0.006259 0.100000 0.010011
6.300000 0.481481 0.100000 0.162538 0.009387 0.100000 0.007439
6.500000 0.527778 0.100000 0.149660 0.003313 0.100000 0.002693
6.700000 0.500000 0.100000 0.169842 0.006776 0.100000 0.010495
6.900000 0.588235 0.100000 0.234427 0.010960 0.100000 0.011125
7.100000 0.647059 0.100000 0.250381 0.014350 0.100000 0.012707
7.300000 0.470588 0.100000 0.201763 0.006574 0.100000 0.005129
7.500000 0.400000 0.100000 0.334664 0.011997 0.100000 0.007121
7.700000 0.222222 0.100000 0.173719 0.000834 0.100000 0.006117
