0.100000 0.000000 0.100000 0.000000
0.300000 0.000318 0.100000 0.000106
0.500000 0.016187 0.100000 0.000751
0.700000 0.094958 0.100000 0.002169
0.900000 0.189449 0.100000 0.003738
1.100000 0.242043 0.100000 0.004985
1.300000 0.283139 0.100000 0.006359
1.500000 0.315590 0.100000 0.007781
1.700000 0.352074 0.100000 0.009674
1.900000 0.369194 0.100000 0.011517
2.100000 0.401189 0.100000 0.014022
2.300000 0.427988 0.100000 0.017667
2.500000 0.455674 0.100000 0.019800
2.700000 0.471451 0.100000 0.023136
2.900000 0.456376 0.100000 0.027266
3.100000 0.479412 0.100000 0.032296
3.300000 0.487179 0.100000 0.036428
3.500000 0.518421 0.100000 0.045514
3.700000 0.503106 0.100000 0.048461
3.900000 0.524390 0.100000 0.057004
4.100000 0.504762 0.100000 0.060141
4.300000 0.584337 0.100000 0.074680
4.500000 0.529915 0.100000 0.083242
4.700000 0.591398 0.100000 0.100598
4.900000 0.612500 0.100000 0.111111
5.100000 0.577465 0.100000 0.113270
5.300000 0.584615 0.100000 0.119382
5.500000 0.566038 0.100000 0.129326
5.700000 0.568182 0.100000 0.142303
5.900000 0.466667 0.100000 0.123328
6.100000 0.393939 0.100000 0.128997
6.300000 0.481481 0.100000 0.162538
6.500000 0.611111 0.100000 0.165376
6.700000 0.538462 0.100000 0.178498
6.900000 0.588235 0.100000 0.234427
7.100000 0.647059 0.100000 0.250381
7.300000 0.470588 0.100000 0.201763
7.500000 0.800000 0.100000 0.536656
7.700000 0.444444 0.100000 0.267078
