0.100000 0.000000 0.100000 0.000000
0.300000 0.000353 0.100000 0.000112
0.500000 0.016461 0.100000 0.000758
0.700000 0.096225 0.100000 0.002185
0.900000 0.191247 0.100000 0.003758
1.100000 0.244275 0.100000 0.005013
1.300000 0.286144 0.100000 0.006400
1.500000 0.318944 0.100000 0.007833
1.700000 0.355809 0.100000 0.009738
1.900000 0.375230 0.100000 0.011636
2.100000 0.407135 0.100000 0.014156
2.300000 0.431052 0.100000 0.017750
2.500000 0.462175 0.100000 0.019985
2.700000 0.482253 0.100000 0.023485
2.900000 0.459732 0.100000 0.027398
3.100000 0.486765 0.100000 0.032623
3.300000 0.498168 0.100000 0.036972
3.500000 0.523684 0.100000 0.045824
3.700000 0.515528 0.100000 0.049258
3.900000 0.536585 0.100000 0.057894
4.100000 0.504762 0.100000 0.060141
4.300000 0.584337 0.100000 0.074680
4.500000 0.538462 0.100000 0.084145
4.700000 0.602151 0.100000 0.101850
4.900000 0.625000 0.100000 0.112673
5.100000 0.577465 0.100000 0.113270
5.300000 0.600000 0.100000 0.121529
5.500000 0.566038 0.100000 0.129326
5.700000 0.590909 0.100000 0.146169
5.900000 0.488889 0.100000 0.127183
6.100000 0.393939 0.100000 0.128997
6.300000 0.481481 0.100000 0.162538
6.500000 0.611111 0.100000 0.165376
6.700000 0.538462 0.100000 0.178498
6.900000 0.588235 0.100000 0.234427
7.100000 0.647059 0.100000 0.250381
7.300000 0.470588 0.100000 0.201763
7.500000 0.800000 0.100000 0.536656
7.700000 0.444444 0.100000 0.267078
