0.100000 0.000000 0.100000 0.000000
0.300000 0.000000 0.100000 0.000000
0.500000 0.006070 0.100000 0.000458
0.700000 0.039106 0.100000 0.001356
0.900000 0.086355 0.100000 0.002412
1.100000 0.106390 0.100000 0.003119
1.300000 0.121981 0.100000 0.003903
1.500000 0.136503 0.100000 0.004757
1.700000 0.150383 0.100000 0.005832
1.900000 0.138546 0.100000 0.006434
2.100000 0.157398 0.100000 0.007982
2.300000 0.178243 0.100000 0.010357
2.500000 0.164894 0.100000 0.010655
2.700000 0.183642 0.100000 0.012951
2.900000 0.183445 0.100000 0.015583
3.100000 0.202941 0.100000 0.018948
3.300000 0.184982 0.100000 0.020037
3.500000 0.189474 0.100000 0.024353
3.700000 0.208075 0.100000 0.027940
3.900000 0.178862 0.100000 0.029277
4.100000 0.142857 0.100000 0.027883
4.300000 0.180723 0.100000 0.035853
4.500000 0.205128 0.100000 0.045966
4.700000 0.247312 0.100000 0.057593
4.900000 0.262500 0.100000 0.064363
5.100000 0.309859 0.100000 0.075608
5.300000 0.184615 0.100000 0.058005
5.500000 0.283019 0.100000 0.082773
5.700000 0.204545 0.100000 0.074831
5.900000 0.155556 0.100000 0.063202
6.100000 0.090909 0.100000 0.054820
6.300000 0.222222 0.100000 0.100297
6.500000 0.138889 0.100000 0.066286
6.700000 0.192308 0.100000 0.093909
6.900000 0.176471 0.100000 0.110510
7.100000 0.411765 0.100000 0.184919
7.300000 0.235294 0.100000 0.130757
7.500000 0.000000 0.100000 0.000000
7.700000 0.111111 0.100000 0.117121
