0.100000 0.000000 0.100000 0.000000 0.000000
0.300000 0.000000 0.100000 0.000000 0.011045
0.500000 0.005168 0.100000 0.000422 0.001257
0.700000 0.032376 0.100000 0.001229 0.000934
0.900000 0.076180 0.100000 0.002252 0.001035
1.100000 0.096665 0.100000 0.002958 0.000969
1.300000 0.110247 0.100000 0.003688 0.000922
1.500000 0.126510 0.100000 0.004555 0.000957
1.700000 0.140781 0.100000 0.005615 0.000987
1.900000 0.130731 0.100000 0.006223 0.001077
2.100000 0.145448 0.100000 0.007623 0.001016
2.300000 0.168110 0.100000 0.010002 0.000955
2.500000 0.148760 0.100000 0.010044 0.001226
2.700000 0.164742 0.100000 0.012154 0.001053
2.900000 0.159777 0.100000 0.014389 0.001370
3.100000 0.179412 0.100000 0.017640 0.001310
3.300000 0.164835 0.100000 0.018753 0.001731
3.500000 0.176316 0.100000 0.023362 0.002091
3.700000 0.170807 0.100000 0.024921 0.003064
3.900000 0.150407 0.100000 0.026521 0.005351
4.100000 0.127962 0.100000 0.026155 0.003529
4.300000 0.150602 0.100000 0.032309 0.002466
4.500000 0.196581 0.100000 0.044838 0.005202
4.700000 0.212766 0.100000 0.052393 0.011985
4.900000 0.237500 0.100000 0.060612 0.003078
5.100000 0.253521 0.100000 0.066903 0.009767
5.300000 0.184615 0.100000 0.058005 0.014117
5.500000 0.283019 0.100000 0.082773 0.004920
5.700000 0.181818 0.100000 0.069882 0.016983
5.900000 0.111111 0.100000 0.052378 0.019316
6.100000 0.088235 0.100000 0.053143 0.009731
6.300000 0.222222 0.100000 0.100297 0.003167
6.500000 0.138889 0.100000 0.066286 0.012775
6.700000 0.192308 0.100000 0.093909 0.004372
6.900000 0.176471 0.100000 0.110510 0.016806
7.100000 0.411765 0.100000 0.184919 0.015841
7.300000 0.235294 0.100000 0.130757 0.006570
7.500000 0.000000 0.100000 0.000000 0.258759
7.700000 0.111111 0.100000 0.117121 0.238432
