0.100000 0.000000 0.100000 0.000000 0.000000
0.300000 0.000212 0.100000 0.000086 0.011494
0.500000 0.013349 0.100000 0.000680 0.001246
0.700000 0.079473 0.100000 0.001968 0.001135
0.900000 0.165233 0.100000 0.003452 0.001066
1.100000 0.218177 0.100000 0.004684 0.000994
1.300000 0.256279 0.100000 0.005982 0.001002
1.500000 0.293056 0.100000 0.007427 0.000969
1.700000 0.325938 0.100000 0.009212 0.000998
1.900000 0.343987 0.100000 0.011005 0.001005
2.100000 0.368678 0.100000 0.013267 0.001081
2.300000 0.397351 0.100000 0.016818 0.001005
2.500000 0.416765 0.100000 0.018670 0.001032
2.700000 0.426482 0.100000 0.021641 0.001103
2.900000 0.400000 0.100000 0.025014 0.001156
3.100000 0.436765 0.100000 0.030378 0.001160
3.300000 0.430403 0.100000 0.033579 0.001208
3.500000 0.460526 0.100000 0.042072 0.001203
3.700000 0.422360 0.100000 0.043193 0.001518
3.900000 0.463415 0.100000 0.052505 0.001890
4.100000 0.450237 0.100000 0.055629 0.001681
4.300000 0.500000 0.100000 0.067217 0.002257
4.500000 0.478632 0.100000 0.077775 0.000024
4.700000 0.500000 0.100000 0.089324 0.002996
4.900000 0.562500 0.100000 0.104816 0.003505
5.100000 0.492958 0.100000 0.101812 0.003649
5.300000 0.538462 0.100000 0.112892 0.003383
5.500000 0.566038 0.100000 0.129326 0.003151
5.700000 0.522727 0.100000 0.134500 0.005792
5.900000 0.422222 0.100000 0.115518 0.013727
6.100000 0.382353 0.100000 0.124682 0.005755
6.300000 0.444444 0.100000 0.154197 0.009407
6.500000 0.611111 0.100000 0.165376 0.003800
6.700000 0.538462 0.100000 0.178498 0.007126
6.900000 0.529412 0.100000 0.218240 0.005385
7.100000 0.647059 0.100000 0.250381 0.014350
7.300000 0.470588 0.100000 0.201763 0.006574
7.500000 0.800000 0.100000 0.536656 0.016291
7.700000 0.444444 0.100000 0.267078 0.012762
