0.100000 0.000000 0.100000 0.000000 0.000000 0.100000 0.000000
0.300000 0.000212 0.100000 0.000086 0.011494 0.100000 0.009633
0.500000 0.013623 0.100000 0.000687 0.001250 0.100000 0.000044
0.700000 0.080421 0.100000 0.001981 0.001139 0.100000 0.000024
0.900000 0.166904 0.100000 0.003472 0.001066 0.100000 0.000016
1.100000 0.220571 0.100000 0.004714 0.000996 0.100000 0.000014
1.300000 0.259280 0.100000 0.006024 0.001003 0.100000 0.000015
1.500000 0.296113 0.100000 0.007475 0.000968 0.100000 0.000016
1.700000 0.329865 0.100000 0.009281 0.000996 0.100000 0.000020
1.900000 0.349489 0.100000 0.011116 0.001003 0.100000 0.000019
2.100000 0.374608 0.100000 0.013402 0.001078 0.100000 0.000024
2.300000 0.400408 0.100000 0.016901 0.001005 0.100000 0.000030
2.500000 0.422078 0.100000 0.018824 0.001027 0.100000 0.000031
2.700000 0.435720 0.100000 0.021945 0.001102 0.100000 0.000043
2.900000 0.403352 0.100000 0.025149 0.001158 0.100000 0.000056
3.100000 0.444118 0.100000 0.030711 0.001168 0.100000 0.000072
3.300000 0.441392 0.100000 0.034136 0.001203 0.100000 0.000096
3.500000 0.465789 0.100000 0.042388 0.001207 0.100000 0.000114
3.700000 0.428571 0.100000 0.043605 0.001489 0.100000 0.000202
3.900000 0.471545 0.100000 0.053111 0.001841 0.100000 0.000364
4.100000 0.450237 0.100000 0.055629 0.001681 0.100000 0.000400
4.300000 0.500000 0.100000 0.067217 0.002219 0.100000 0.000632
4.500000 0.504274 0.100000 0.080520 0.001600 0.100000 0.000039
4.700000 0.521277 0.100000 0.091849 0.002936 0.100000 0.001681
4.900000 0.575000 0.100000 0.106397 0.003601 0.100000 0.003012
5.100000 0.492958 0.100000 0.101812 0.003649 0.100000 0.002873
5.300000 0.553846 0.100000 0.115065 0.003626 0.100000 0.003721
5.500000 0.566038 0.100000 0.129326 0.003151 0.100000 0.002898
5.700000 0.545455 0.100000 0.138414 0.006333 0.100000 0.008081
5.900000 0.444444 0.100000 0.119441 0.009037 0.100000 0.010507
6.100000 0.382353 0.100000 0.124682 0.005755 0.100000 0.009576
6.300000 0.444444 0.100000 0.154197 0.009407 0.100000 0.010820
6.500000 0.611111 0.100000 0.165376 0.003800 0.100000 0.003472
6.700000 0.538462 0.100000 0.178498 0.007126 0.100000 0.009187
6.900000 0.529412 0.100000 0.218240 0.005385 0.100000 0.008730
7.100000 0.705882 0.100000 0.266144 0.014350 0.100000 0.013525
7.300000 0.470588 0.100000 0.201763 0.006574 0.100000 0.005129
7.500000 0.800000 0.100000 0.536656 0.016291 0.100000 0.012763
7.700000 0.444444 0.100000 0.267078 0.012762 0.100000 0.011180
