0.100000 0.000000 0.100000 0.000000 0.000000 0.100000 0.000000
0.300000 0.000141 0.100000 0.000071 0.011037 0.100000 0.006363
0.500000 0.011637 0.100000 0.000635 0.001241 0.100000 0.000052
0.700000 0.070848 0.100000 0.001851 0.001124 0.100000 0.000027
0.900000 0.148029 0.100000 0.003243 0.001051 0.100000 0.000017
1.100000 0.193247 0.100000 0.004363 0.000980 0.100000 0.000015
1.300000 0.227606 0.100000 0.005572 0.001001 0.100000 0.000016
1.500000 0.260737 0.100000 0.006918 0.000944 0.100000 0.000017
1.700000 0.288042 0.100000 0.008535 0.001007 0.100000 0.000021
1.900000 0.302856 0.100000 0.010167 0.001009 0.100000 0.000021
2.100000 0.325776 0.100000 0.012274 0.001077 0.100000 0.000026
2.300000 0.344371 0.100000 0.015357 0.001027 0.100000 0.000035
2.500000 0.364817 0.100000 0.017144 0.001043 0.100000 0.000036
2.700000 0.365666 0.100000 0.019607 0.001074 0.100000 0.000044
2.900000 0.350838 0.100000 0.023011 0.001216 0.100000 0.000068
3.100000 0.382353 0.100000 0.027880 0.001248 0.100000 0.000090
3.300000 0.371795 0.100000 0.030563 0.001297 0.100000 0.000165
3.500000 0.392105 0.100000 0.037901 0.001285 0.100000 0.000153
3.700000 0.347826 0.100000 0.038157 0.001692 0.100000 0.000345
3.900000 0.386179 0.100000 0.046648 0.002345 0.100000 0.000786
4.100000 0.388626 0.100000 0.050573 0.002423 0.100000 0.001057
4.300000 0.403614 0.100000 0.058419 0.002440 0.100000 0.000949
4.500000 0.410256 0.100000 0.070321 0.004595 0.100000 0.003239
4.700000 0.414894 0.100000 0.079025 0.003483 0.100000 0.002540
4.900000 0.487500 0.100000 0.095207 0.003532 0.100000 0.002936
5.100000 0.450704 0.100000 0.095963 0.004233 0.100000 0.004242
5.300000 0.492308 0.100000 0.106314 0.003054 0.100000 0.002502
5.500000 0.509434 0.100000 0.120452 0.003000 0.100000 0.003130
5.700000 0.431818 0.100000 0.118541 0.005426 0.100000 0.008313
5.900000 0.333333 0.100000 0.099381 0.020068 0.100000 0.019983
6.100000 0.294118 0.100000 0.105805 0.005797 0.100000 0.010088
6.300000 0.444444 0.100000 0.154197 0.009209 0.100000 0.008490
6.500000 0.527778 0.100000 0.149660 0.003313 0.100000 0.002693
6.700000 0.500000 0.100000 0.169842 0.006776 0.100000 0.010495
6.900000 0.529412 0.100000 0.218240 0.005385 0.100000 0.008730
7.100000 0.647059 0.100000 0.250381 0.014350 0.100000 0.013525
7.300000 0.470588 0.100000 0.201763 0.006574 0.100000 0.005129
7.500000 0.400000 0.100000 0.334664 0.011997 0.100000 0.007126
7.700000 0.222222 0.100000 0.173719 0.000834 0.100000 0.006117
