0.100000 0.000000 0.100000 0.000000 0.000000
0.300000 0.000212 0.100000 0.000086 0.011494
0.500000 0.013588 0.100000 0.000687 0.001246
0.700000 0.080285 0.100000 0.001979 0.001140
0.900000 0.166842 0.100000 0.003471 0.001067
1.100000 0.220324 0.100000 0.004711 0.000995
1.300000 0.259169 0.100000 0.006022 0.001003
1.500000 0.296113 0.100000 0.007475 0.000968
1.700000 0.329275 0.100000 0.009270 0.000995
1.900000 0.349227 0.100000 0.011111 0.001003
2.100000 0.373561 0.100000 0.013378 0.001079
2.300000 0.400408 0.100000 0.016901 0.001006
2.500000 0.421488 0.100000 0.018806 0.001027
2.700000 0.435720 0.100000 0.021945 0.001102
2.900000 0.403352 0.100000 0.025149 0.001158
3.100000 0.442647 0.100000 0.030645 0.001169
3.300000 0.441392 0.100000 0.034136 0.001203
3.500000 0.465789 0.100000 0.042388 0.001207
3.700000 0.428571 0.100000 0.043605 0.001489
3.900000 0.471545 0.100000 0.053111 0.001841
4.100000 0.450237 0.100000 0.055629 0.001681
4.300000 0.500000 0.100000 0.067217 0.002257
4.500000 0.487179 0.100000 0.078692 0.003970
4.700000 0.510638 0.100000 0.090588 0.002961
4.900000 0.575000 0.100000 0.106397 0.003601
5.100000 0.492958 0.100000 0.101812 0.003649
5.300000 0.553846 0.100000 0.115065 0.003626
5.500000 0.566038 0.100000 0.129326 0.003151
5.700000 0.545455 0.100000 0.138414 0.006333
5.900000 0.444444 0.100000 0.119441 0.009037
6.100000 0.382353 0.100000 0.124682 0.005755
6.300000 0.444444 0.100000 0.154197 0.009407
6.500000 0.611111 0.100000 0.165376 0.003800
6.700000 0.538462 0.100000 0.178498 0.007126
6.900000 0.529412 0.100000 0.218240 0.005385
7.100000 0.647059 0.100000 0.250381 0.014350
7.300000 0.470588 0.100000 0.201763 0.006574
7.500000 0.800000 0.100000 0.536656 0.016291
7.700000 0.444444 0.100000 0.267078 0.012762
