0.100000 0.000000 0.100000 0.000000 0.000000
0.300000 0.000230 0.100000 0.000094 0.014171
0.500000 0.015930 0.100000 0.000777 0.001268
0.700000 0.094930 0.100000 0.002259 0.001133
0.900000 0.189437 0.100000 0.003896 0.001082
1.100000 0.245174 0.100000 0.005248 0.001019
1.300000 0.284426 0.100000 0.006672 0.001020
1.500000 0.316132 0.100000 0.008128 0.000997
1.700000 0.354108 0.100000 0.010169 0.001011
1.900000 0.370857 0.100000 0.012052 0.001081
2.100000 0.401762 0.100000 0.014686 0.001091
2.300000 0.424710 0.100000 0.018269 0.001015
2.500000 0.450804 0.100000 0.020508 0.001043
2.700000 0.477102 0.100000 0.024224 0.001096
2.900000 0.450957 0.100000 0.027976 0.001143
3.100000 0.486572 0.100000 0.033804 0.001146
3.300000 0.484375 0.100000 0.037474 0.001220
3.500000 0.522989 0.100000 0.047841 0.001359
3.700000 0.491582 0.100000 0.049687 0.001746
3.900000 0.513274 0.100000 0.058625 0.002076
4.100000 0.492147 0.100000 0.062006 0.001826
4.300000 0.608108 0.100000 0.081286 0.002344
4.500000 0.523364 0.100000 0.086320 0.004258
4.700000 0.609756 0.100000 0.109409 0.002764
4.900000 0.583333 0.100000 0.113260 0.003449
5.100000 0.567164 0.100000 0.115179 0.003735
5.300000 0.603175 0.100000 0.123892 0.003708
5.500000 0.549020 0.100000 0.129133 0.003377
5.700000 0.575000 0.100000 0.150468 0.006104
5.900000 0.463415 0.100000 0.128611 0.012723
6.100000 0.406250 0.100000 0.133614 0.006130
6.300000 0.500000 0.100000 0.169842 0.008616
6.500000 0.588235 0.100000 0.165765 0.004882
6.700000 0.583333 0.100000 0.196173 0.007126
6.900000 0.529412 0.100000 0.218240 0.013876
7.100000 0.642857 0.100000 0.274659 0.014735
7.300000 0.357143 0.100000 0.186067 0.002247
7.500000 0.800000 0.100000 0.536656 0.016291
7.700000 0.444444 0.100000 0.267078 0.012762
