0.100000 0.000000 0.100000 0.000000 0.000000 0.100000 0.000000
0.300000 0.000192 0.100000 0.000086 0.014371 0.100000 0.012119
0.500000 0.013729 0.100000 0.000721 0.001270 0.100000 0.000049
0.700000 0.084082 0.100000 0.002115 0.001122 0.100000 0.000025
0.900000 0.169968 0.100000 0.003660 0.001071 0.100000 0.000016
1.100000 0.217301 0.100000 0.004885 0.001006 0.100000 0.000015
1.300000 0.251889 0.100000 0.006199 0.001020 0.100000 0.000017
1.500000 0.278184 0.100000 0.007514 0.000963 0.100000 0.000018
1.700000 0.313565 0.100000 0.009425 0.001020 0.100000 0.000022
1.900000 0.328571 0.100000 0.011168 0.001072 0.100000 0.000023
2.100000 0.356185 0.100000 0.013602 0.001089 0.100000 0.000027
2.300000 0.367347 0.100000 0.016645 0.001032 0.100000 0.000037
2.500000 0.392926 0.100000 0.018761 0.001045 0.100000 0.000038
2.700000 0.413822 0.100000 0.022072 0.001080 0.100000 0.000046
2.900000 0.393541 0.100000 0.025612 0.001206 0.100000 0.000068
3.100000 0.429700 0.100000 0.031153 0.001221 0.100000 0.000083
3.300000 0.425781 0.100000 0.034434 0.001220 0.100000 0.000140
3.500000 0.448276 0.100000 0.043193 0.001567 0.100000 0.000206
3.700000 0.414141 0.100000 0.044406 0.001976 0.100000 0.000350
3.900000 0.438053 0.100000 0.052795 0.002027 0.100000 0.000467
4.100000 0.439791 0.100000 0.057578 0.001917 0.100000 0.000508
4.300000 0.493243 0.100000 0.070545 0.002721 0.100000 0.001064
4.500000 0.420561 0.100000 0.074723 0.004730 0.100000 0.004289
4.700000 0.500000 0.100000 0.095637 0.002803 0.100000 0.001494
4.900000 0.500000 0.100000 0.102062 0.003495 0.100000 0.002338
5.100000 0.522388 0.100000 0.108949 0.004266 0.100000 0.003989
5.300000 0.523810 0.100000 0.112559 0.002909 0.100000 0.002223
5.500000 0.490196 0.100000 0.119680 0.003302 0.100000 0.003653
5.700000 0.500000 0.100000 0.136931 0.006026 0.100000 0.010418
5.900000 0.390244 0.100000 0.115033 0.020782 0.100000 0.010444
6.100000 0.312500 0.100000 0.113214 0.006259 0.100000 0.010011
6.300000 0.500000 0.100000 0.169842 0.008395 0.100000 0.010650
6.500000 0.500000 0.100000 0.148522 0.004196 0.100000 0.004630
6.700000 0.541667 0.100000 0.186533 0.006776 0.100000 0.010495
6.900000 0.529412 0.100000 0.218240 0.013876 0.100000 0.013838
7.100000 0.642857 0.100000 0.274659 0.014735 0.100000 0.009231
7.300000 0.357143 0.100000 0.186067 0.002247 0.100000 0.003607
7.500000 0.400000 0.100000 0.334664 0.012004 0.100000 0.009648
7.700000 0.222222 0.100000 0.173719 0.000834 0.100000 0.006117
