0.050000 0.000000 0.050000 0.000000
0.150000 0.000000 0.050000 0.000000
0.250000 0.000000 0.050000 0.000000
0.350000 0.000424 0.050000 0.000173
0.450000 0.005556 0.050000 0.000631
0.550000 0.028278 0.050000 0.001509
0.650000 0.073079 0.050000 0.002682
0.750000 0.123059 0.050000 0.003821
0.850000 0.171594 0.050000 0.004976
0.950000 0.215433 0.050000 0.006239
1.050000 0.233667 0.050000 0.006994
1.150000 0.262854 0.050000 0.007995
1.250000 0.278285 0.050000 0.009008
1.350000 0.298012 0.050000 0.010060
1.450000 0.317474 0.050000 0.011083
1.550000 0.321811 0.050000 0.012126
1.650000 0.359337 0.050000 0.014051
1.750000 0.358299 0.050000 0.015000
1.850000 0.373917 0.050000 0.016177
1.950000 0.381262 0.050000 0.018510
2.050000 0.395418 0.050000 0.020194
2.150000 0.424483 0.050000 0.021924
2.250000 0.401416 0.050000 0.023850
2.350000 0.459951 0.050000 0.028547
2.450000 0.443142 0.050000 0.027381
2.550000 0.472934 0.050000 0.031501
2.650000 0.450637 0.050000 0.032264
2.750000 0.532286 0.050000 0.037728
2.850000 0.436170 0.050000 0.036507
2.950000 0.478142 0.050000 0.043944
3.050000 0.436578 0.050000 0.043013
3.150000 0.557823 0.050000 0.054367
3.250000 0.500000 0.050000 0.052901
3.350000 0.491803 0.050000 0.054835
3.450000 0.534759 0.050000 0.066249
3.550000 0.521739 0.050000 0.070224
3.650000 0.586826 0.050000 0.074673
3.750000 0.400000 0.050000 0.065633
3.850000 0.585586 0.050000 0.091459
3.950000 0.469565 0.050000 0.077463
4.050000 0.550000 0.050000 0.092331
4.150000 0.428571 0.050000 0.082024
4.250000 0.597015 0.050000 0.119292
4.350000 0.617284 0.050000 0.111018
4.450000 0.627451 0.050000 0.141501
4.550000 0.500000 0.050000 0.115728
4.650000 0.763158 0.050000 0.188175
4.750000 0.545455 0.050000 0.138414
4.850000 0.523810 0.050000 0.137857
4.950000 0.700000 0.050000 0.199165
5.050000 0.529412 0.050000 0.154319
5.150000 0.606061 0.050000 0.171744
5.250000 0.638889 0.050000 0.170544
5.350000 0.592593 0.050000 0.186960
5.450000 0.612903 0.050000 0.178574
5.550000 0.450000 0.050000 0.180624
5.650000 0.500000 0.050000 0.193649
5.750000 0.650000 0.050000 0.231571
5.850000 0.411765 0.050000 0.184919
5.950000 0.541667 0.050000 0.186533
6.050000 0.375000 0.050000 0.179518
6.150000 0.437500 0.050000 0.198259
6.250000 0.692308 0.050000 0.300205
6.350000 0.307692 0.050000 0.175930
6.450000 0.900000 0.050000 0.413521
6.550000 0.458333 0.050000 0.166884
6.650000 0.500000 0.050000 0.231455
6.750000 0.700000 0.050000 0.344964
6.850000 0.500000 0.050000 0.250000
6.950000 0.600000 0.050000 0.438178
7.050000 0.500000 0.050000 0.306186
7.150000 1.000000 0.050000 0.577350
7.250000 0.333333 0.050000 0.222222
7.350000 0.400000 0.050000 0.334664
7.450000 0.250000 0.050000 0.279508
7.550000 3.000000 0.050000 3.464102
7.650000 0.333333 0.050000 0.272166
7.750000 0.666667 0.050000 0.608581
7.850000 1.000000 0.050000 1.414214
