0.100000 0.000000 0.100000 0.000000 0.000000
0.300000 0.000230 0.100000 0.000094 0.014171
0.500000 0.016229 0.100000 0.000784 0.001269
0.700000 0.096157 0.100000 0.002275 0.001137
0.900000 0.191390 0.100000 0.003919 0.001083
1.100000 0.247159 0.100000 0.005273 0.001021
1.300000 0.287107 0.100000 0.006711 0.001022
1.500000 0.319466 0.100000 0.008181 0.000997
1.700000 0.358206 0.100000 0.010243 0.001009
1.900000 0.376857 0.100000 0.012176 0.001078
2.100000 0.407890 0.100000 0.014830 0.001089
2.300000 0.428020 0.100000 0.018361 0.001016
2.500000 0.455949 0.100000 0.020662 0.001040
2.700000 0.488759 0.100000 0.024614 0.001096
2.900000 0.453349 0.100000 0.028074 0.001139
3.100000 0.491311 0.100000 0.034022 0.001145
3.300000 0.496094 0.100000 0.038074 0.001215
3.500000 0.525862 0.100000 0.048018 0.001362
3.700000 0.505051 0.100000 0.050590 0.001682
3.900000 0.526549 0.100000 0.059638 0.001973
4.100000 0.492147 0.100000 0.062006 0.001826
4.300000 0.608108 0.100000 0.081286 0.002344
4.500000 0.532710 0.100000 0.087354 0.003989
4.700000 0.621951 0.100000 0.110915 0.002751
4.900000 0.597222 0.100000 0.115102 0.003512
5.100000 0.567164 0.100000 0.115179 0.003735
5.300000 0.619048 0.100000 0.126131 0.003227
5.500000 0.549020 0.100000 0.129133 0.003377
5.700000 0.575000 0.100000 0.150468 0.006104
5.900000 0.487805 0.100000 0.133047 0.008297
6.100000 0.406250 0.100000 0.133614 0.006130
6.300000 0.500000 0.100000 0.169842 0.008616
6.500000 0.588235 0.100000 0.165765 0.004882
6.700000 0.583333 0.100000 0.196173 0.007126
6.900000 0.529412 0.100000 0.218240 0.013876
7.100000 0.642857 0.100000 0.274659 0.014735
7.300000 0.357143 0.100000 0.186067 0.002247
7.500000 0.800000 0.100000 0.536656 0.016291
7.700000 0.444444 0.100000 0.267078 0.012762
