0.100000 0.000000 0.100000 0.000000 0.000000 0.100000 0.000000
0.300000 0.000000 0.100000 0.000000 0.011927 0.100000 0.011895
0.500000 0.006081 0.100000 0.000478 0.001278 0.100000 0.000090
0.700000 0.038580 0.100000 0.001402 0.001020 0.100000 0.000037
0.900000 0.086163 0.100000 0.002511 0.001037 0.100000 0.000023
1.100000 0.108335 0.100000 0.003291 0.000977 0.100000 0.000022
1.300000 0.123568 0.100000 0.004113 0.000940 0.100000 0.000024
1.500000 0.135599 0.100000 0.004945 0.000975 0.100000 0.000028
1.700000 0.151822 0.100000 0.006141 0.001003 0.100000 0.000032
1.900000 0.139714 0.100000 0.006745 0.001074 0.100000 0.000039
2.100000 0.155113 0.100000 0.008284 0.000997 0.100000 0.000040
2.300000 0.173745 0.100000 0.010606 0.000888 0.100000 0.000048
2.500000 0.160129 0.100000 0.010930 0.001159 0.100000 0.000082
2.700000 0.187344 0.100000 0.013609 0.001090 0.100000 0.000082
2.900000 0.184211 0.100000 0.016154 0.001226 0.100000 0.000151
3.100000 0.205371 0.100000 0.019776 0.001141 0.100000 0.000166
3.300000 0.185547 0.100000 0.020728 0.002003 0.100000 0.000832
3.500000 0.189655 0.100000 0.025463 0.001863 0.100000 0.000463
3.700000 0.215488 0.100000 0.029697 0.002446 0.100000 0.000703
3.900000 0.176991 0.100000 0.030360 0.004619 0.100000 0.004807
4.100000 0.136126 0.100000 0.028456 0.003059 0.100000 0.003200
4.300000 0.202703 0.100000 0.040586 0.002018 0.100000 0.001206
4.500000 0.205607 0.100000 0.048132 0.003622 0.100000 0.003698
4.700000 0.256098 0.100000 0.062634 0.011688 0.100000 0.011007
4.900000 0.194444 0.100000 0.056796 0.004560 0.100000 0.009637
5.100000 0.313433 0.100000 0.078386 0.009163 0.100000 0.013349
5.300000 0.190476 0.100000 0.059994 0.014116 0.100000 0.014087
5.500000 0.254902 0.100000 0.079197 0.005379 0.100000 0.006517
5.700000 0.225000 0.100000 0.083010 0.017896 0.100000 0.014086
5.900000 0.170732 0.100000 0.069822 0.019410 0.100000 0.010669
6.100000 0.093750 0.100000 0.056607 0.009730 0.100000 0.006449
6.300000 0.230769 0.100000 0.104518 0.003200 0.100000 0.005135
6.500000 0.117647 0.100000 0.062188 0.011438 0.100000 0.009912
6.700000 0.208333 0.100000 0.102416 0.004372 0.100000 0.010613
6.900000 0.176471 0.100000 0.110510 0.016806 0.100000 0.013268
7.100000 0.500000 0.100000 0.231455 0.015841 0.100000 0.013126
7.300000 0.214286 0.100000 0.136331 0.000797 0.100000 0.006320
7.500000 0.000000 0.100000 0.000000 0.258758 0.100000 1.702387
7.700000 0.111111 0.100000 0.117121 0.238432 0.100000 1.343552
