0.100000 0.000064 0.100000 0.000001
0.300000 0.000491 0.100000 0.000118
0.500000 0.016243 0.100000 0.000686
0.700000 0.092189 0.100000 0.001937
0.900000 0.188579 0.100000 0.003389
1.100000 0.245239 0.100000 0.004553
1.300000 0.280347 0.100000 0.005768
1.500000 0.311619 0.100000 0.007016
1.700000 0.354510 0.100000 0.008804
1.900000 0.371834 0.100000 0.010552
2.100000 0.401604 0.100000 0.012806
2.300000 0.412462 0.100000 0.015584
2.500000 0.447393 0.100000 0.017984
2.700000 0.459139 0.100000 0.020854
2.900000 0.486630 0.100000 0.026477
3.100000 0.494442 0.100000 0.030199
3.300000 0.478407 0.100000 0.033225
3.500000 0.512138 0.100000 0.042715
3.700000 0.529010 0.100000 0.047418
3.900000 0.516843 0.100000 0.054323
4.100000 0.458943 0.100000 0.053163
4.300000 0.546491 0.100000 0.067025
4.500000 0.627415 0.100000 0.095335
4.700000 0.452370 0.100000 0.083002
