0.100000 0.000000 0.100000 0.000000 0.000000 0.100000 0.000000
0.300000 0.000247 0.100000 0.000093 0.013319 0.100000 0.010676
0.500000 0.015129 0.100000 0.000725 0.001227 0.100000 0.000041
0.700000 0.088233 0.100000 0.002082 0.001145 0.100000 0.000023
0.900000 0.178476 0.100000 0.003608 0.001076 0.100000 0.000015
1.100000 0.230064 0.100000 0.004833 0.001008 0.100000 0.000014
1.300000 0.271505 0.100000 0.006194 0.001008 0.100000 0.000015
1.500000 0.308196 0.100000 0.007661 0.000983 0.100000 0.000017
1.700000 0.341645 0.100000 0.009487 0.001001 0.100000 0.000019
1.900000 0.363898 0.100000 0.011403 0.001013 0.100000 0.000019
2.100000 0.393443 0.100000 0.013828 0.001076 0.100000 0.000024
2.300000 0.418747 0.100000 0.017397 0.001008 0.100000 0.000029
2.500000 0.447462 0.100000 0.019554 0.001040 0.100000 0.000030
2.700000 0.466513 0.100000 0.022949 0.001106 0.100000 0.000042
2.900000 0.433520 0.100000 0.026351 0.001144 0.100000 0.000052
3.100000 0.475000 0.100000 0.032099 0.001144 0.100000 0.000066
3.300000 0.465201 0.100000 0.035332 0.001179 0.100000 0.000084
3.500000 0.497368 0.100000 0.044270 0.001206 0.100000 0.000112
3.700000 0.481366 0.100000 0.047059 0.001525 0.100000 0.000192
3.900000 0.500000 0.100000 0.055216 0.001735 0.100000 0.000280
4.100000 0.473934 0.100000 0.057538 0.001780 0.100000 0.000409
4.300000 0.548193 0.100000 0.071503 0.002329 0.100000 0.000558
4.500000 0.538462 0.100000 0.084145 0.003347 0.100000 0.000165
4.700000 0.574468 0.100000 0.098093 0.002742 0.100000 0.001396
4.900000 0.587500 0.100000 0.107973 0.003188 0.100000 0.002064
5.100000 0.549296 0.100000 0.109482 0.003497 0.100000 0.002413
5.300000 0.584615 0.100000 0.119382 0.003008 0.100000 0.002359
5.500000 0.566038 0.100000 0.129326 0.003151 0.100000 0.002900
5.700000 0.545455 0.100000 0.138414 0.006333 0.100000 0.008081
5.900000 0.466667 0.100000 0.123328 0.008933 0.100000 0.010275
6.100000 0.382353 0.100000 0.124682 0.005755 0.100000 0.009576
6.300000 0.444444 0.100000 0.154197 0.009407 0.100000 0.010820
6.500000 0.611111 0.100000 0.165376 0.003800 0.100000 0.003472
6.700000 0.538462 0.100000 0.178498 0.007126 0.100000 0.009187
6.900000 0.529412 0.100000 0.218240 0.005385 0.100000 0.008730
7.100000 0.705882 0.100000 0.266144 0.014350 0.100000 0.013525
7.300000 0.470588 0.100000 0.201763 0.006574 0.100000 0.005129
7.500000 0.800000 0.100000 0.536656 0.016291 0.100000 0.012763
7.700000 0.444444 0.100000 0.267078 0.012762 0.100000 0.011180
