0.100000 0.000000 0.100000 0.000000 0.000000
0.300000 0.000247 0.100000 0.000093 0.013319
0.500000 0.014752 0.100000 0.000716 0.001222
0.700000 0.087059 0.100000 0.002067 0.001141
0.900000 0.176744 0.100000 0.003588 0.001076
1.100000 0.227670 0.100000 0.004803 0.001006
1.300000 0.268282 0.100000 0.006149 0.001007
1.500000 0.304848 0.100000 0.007610 0.000983
1.700000 0.337522 0.100000 0.009415 0.001002
1.900000 0.358397 0.100000 0.011294 0.001016
2.100000 0.387164 0.100000 0.013687 0.001080
2.300000 0.415690 0.100000 0.017314 0.001008
2.500000 0.442149 0.100000 0.019401 0.001046
2.700000 0.456505 0.100000 0.022624 0.001103
2.900000 0.430168 0.100000 0.026218 0.001142
3.100000 0.466176 0.100000 0.031704 0.001143
3.300000 0.454212 0.100000 0.034781 0.001188
3.500000 0.492105 0.100000 0.043958 0.001207
3.700000 0.475155 0.100000 0.046656 0.001553
3.900000 0.487805 0.100000 0.054316 0.001814
4.100000 0.473934 0.100000 0.057538 0.001780
4.300000 0.548193 0.100000 0.071503 0.002368
4.500000 0.504274 0.100000 0.080520 0.004317
4.700000 0.553191 0.100000 0.095606 0.002783
4.900000 0.575000 0.100000 0.106397 0.003087
5.100000 0.549296 0.100000 0.109482 0.003497
5.300000 0.569231 0.100000 0.117228 0.003456
5.500000 0.566038 0.100000 0.129326 0.003151
5.700000 0.522727 0.100000 0.134500 0.005792
5.900000 0.444444 0.100000 0.119441 0.013612
6.100000 0.382353 0.100000 0.124682 0.005755
6.300000 0.444444 0.100000 0.154197 0.009407
6.500000 0.611111 0.100000 0.165376 0.003800
6.700000 0.538462 0.100000 0.178498 0.007126
6.900000 0.529412 0.100000 0.218240 0.005385
7.100000 0.647059 0.100000 0.250381 0.014350
7.300000 0.470588 0.100000 0.201763 0.006574
7.500000 0.800000 0.100000 0.536656 0.016291
7.700000 0.444444 0.100000 0.267078 0.012762
