0.100000 0.000000 0.100000 0.000000 0.000000 0.100000 0.000000
0.300000 0.000176 0.100000 0.000079 0.013372 0.100000 0.010856
0.500000 0.012870 0.100000 0.000668 0.001223 0.100000 0.000048
0.700000 0.077441 0.100000 0.001941 0.001132 0.100000 0.000025
0.900000 0.158364 0.100000 0.003369 0.001064 0.100000 0.000016
1.100000 0.201420 0.100000 0.004469 0.000988 0.100000 0.000015
1.300000 0.237942 0.100000 0.005722 0.001007 0.100000 0.000016
1.500000 0.270782 0.100000 0.007078 0.000950 0.100000 0.000017
1.700000 0.297860 0.100000 0.008712 0.001012 0.100000 0.000021
1.900000 0.315693 0.100000 0.010432 0.001023 0.100000 0.000021
2.100000 0.343565 0.100000 0.012689 0.001078 0.100000 0.000026
2.300000 0.359144 0.100000 0.015769 0.001031 0.100000 0.000034
2.500000 0.384888 0.100000 0.017739 0.001044 0.100000 0.000034
2.700000 0.391070 0.100000 0.020464 0.001096 0.100000 0.000045
2.900000 0.375419 0.100000 0.024020 0.001205 0.100000 0.000064
3.100000 0.410294 0.100000 0.029171 0.001227 0.100000 0.000082
3.300000 0.395604 0.100000 0.031799 0.001265 0.100000 0.000147
3.500000 0.415789 0.100000 0.039359 0.001287 0.100000 0.000157
3.700000 0.394410 0.100000 0.041328 0.001708 0.100000 0.000287
3.900000 0.406504 0.100000 0.048210 0.002165 0.100000 0.000578
4.100000 0.412322 0.100000 0.052534 0.002429 0.100000 0.000885
4.300000 0.439759 0.100000 0.061759 0.002322 0.100000 0.000755
4.500000 0.427350 0.100000 0.072205 0.004473 0.100000 0.002991
4.700000 0.436170 0.100000 0.081633 0.003335 0.100000 0.002210
4.900000 0.500000 0.100000 0.096825 0.003202 0.100000 0.002159
5.100000 0.507042 0.100000 0.103742 0.003927 0.100000 0.003284
5.300000 0.507692 0.100000 0.108518 0.002909 0.100000 0.002223
5.500000 0.509434 0.100000 0.120452 0.003000 0.100000 0.003130
5.700000 0.431818 0.100000 0.118541 0.005426 0.100000 0.008313
5.900000 0.355556 0.100000 0.103492 0.020616 0.100000 0.014559
6.100000 0.294118 0.100000 0.105805 0.005797 0.100000 0.010088
6.300000 0.444444 0.100000 0.154197 0.009209 0.100000 0.008490
6.500000 0.527778 0.100000 0.149660 0.003313 0.100000 0.002693
6.700000 0.500000 0.100000 0.169842 0.006776 0.100000 0.010495
6.900000 0.529412 0.100000 0.218240 0.005385 0.100000 0.008730
7.100000 0.647059 0.100000 0.250381 0.014350 0.100000 0.013525
7.300000 0.470588 0.100000 0.201763 0.006574 0.100000 0.005129
7.500000 0.400000 0.100000 0.334664 0.011997 0.100000 0.007128
7.700000 0.222222 0.100000 0.173719 0.000834 0.100000 0.006117
