0.100000 0.000000 0.100000 0.000000 0.000000
0.300000 0.000000 0.100000 0.000000 0.010983
0.500000 0.005716 0.100000 0.000444 0.001196
0.700000 0.035627 0.100000 0.001291 0.000937
0.900000 0.081503 0.100000 0.002336 0.001045
1.100000 0.100627 0.100000 0.003024 0.000980
1.300000 0.116248 0.100000 0.003798 0.000921
1.500000 0.132625 0.100000 0.004676 0.000963
1.700000 0.145494 0.100000 0.005720 0.000997
1.900000 0.135447 0.100000 0.006348 0.001088
2.100000 0.153122 0.100000 0.007848 0.000983
2.300000 0.174223 0.100000 0.010209 0.000972
2.500000 0.158796 0.100000 0.010422 0.001102
2.700000 0.177829 0.100000 0.012698 0.001079
2.900000 0.169832 0.100000 0.014899 0.001293
3.100000 0.194118 0.100000 0.018463 0.001249
3.300000 0.175824 0.100000 0.019459 0.001593
3.500000 0.181579 0.100000 0.023761 0.001988
3.700000 0.195652 0.100000 0.026954 0.002736
3.900000 0.162602 0.100000 0.027721 0.005226
4.100000 0.132701 0.100000 0.026690 0.002808
4.300000 0.162651 0.100000 0.033752 0.002103
4.500000 0.205128 0.100000 0.045966 0.004827
4.700000 0.234043 0.100000 0.055430 0.011546
4.900000 0.250000 0.100000 0.062500 0.002667
5.100000 0.281690 0.100000 0.071310 0.008577
5.300000 0.184615 0.100000 0.058005 0.014117
5.500000 0.283019 0.100000 0.082773 0.004917
5.700000 0.181818 0.100000 0.069882 0.016983
5.900000 0.133333 0.100000 0.057948 0.018824
6.100000 0.088235 0.100000 0.053143 0.009730
6.300000 0.222222 0.100000 0.100297 0.003167
6.500000 0.138889 0.100000 0.066286 0.012775
6.700000 0.192308 0.100000 0.093909 0.004372
6.900000 0.176471 0.100000 0.110510 0.016806
7.100000 0.411765 0.100000 0.184919 0.015841
7.300000 0.235294 0.100000 0.130757 0.006570
7.500000 0.000000 0.100000 0.000000 0.258759
7.700000 0.111111 0.100000 0.117121 0.238432
