0.100000 0.000000 0.100000 0.000000 0.000000
0.300000 0.000247 0.100000 0.000093 0.013319
0.500000 0.015026 0.100000 0.000723 0.001223
0.700000 0.088097 0.100000 0.002080 0.001146
0.900000 0.178415 0.100000 0.003607 0.001076
1.100000 0.229817 0.100000 0.004830 0.001008
1.300000 0.271283 0.100000 0.006191 0.001009
1.500000 0.308196 0.100000 0.007661 0.000983
1.700000 0.341056 0.100000 0.009477 0.001000
1.900000 0.363636 0.100000 0.011398 0.001013
2.100000 0.392396 0.100000 0.013805 0.001077
2.300000 0.418747 0.100000 0.017397 0.001009
2.500000 0.446871 0.100000 0.019537 0.001041
2.700000 0.465743 0.100000 0.022924 0.001104
2.900000 0.433520 0.100000 0.026351 0.001144
3.100000 0.473529 0.100000 0.032033 0.001145
3.300000 0.465201 0.100000 0.035332 0.001179
3.500000 0.497368 0.100000 0.044270 0.001206
3.700000 0.481366 0.100000 0.047059 0.001525
3.900000 0.500000 0.100000 0.055216 0.001735
4.100000 0.473934 0.100000 0.057538 0.001780
4.300000 0.548193 0.100000 0.071503 0.002368
4.500000 0.512821 0.100000 0.081430 0.004085
4.700000 0.563830 0.100000 0.096851 0.002764
4.900000 0.587500 0.100000 0.107973 0.003188
5.100000 0.549296 0.100000 0.109482 0.003497
5.300000 0.584615 0.100000 0.119382 0.003008
5.500000 0.566038 0.100000 0.129326 0.003151
5.700000 0.545455 0.100000 0.138414 0.006333
5.900000 0.466667 0.100000 0.123328 0.008933
6.100000 0.382353 0.100000 0.124682 0.005755
6.300000 0.444444 0.100000 0.154197 0.009407
6.500000 0.611111 0.100000 0.165376 0.003800
6.700000 0.538462 0.100000 0.178498 0.007126
6.900000 0.529412 0.100000 0.218240 0.005385
7.100000 0.647059 0.100000 0.250381 0.014350
7.300000 0.470588 0.100000 0.201763 0.006574
7.500000 0.800000 0.100000 0.536656 0.016291
7.700000 0.444444 0.100000 0.267078 0.012762
