0.100000 0.000000 0.100000 0.000000 0.000000
0.300000 0.000353 0.100000 0.000112 0.013401
0.500000 0.016456 0.100000 0.000757 0.001264
0.700000 0.096330 0.100000 0.002186 0.001145
0.900000 0.191001 0.100000 0.003755 0.001083
1.100000 0.244340 0.100000 0.005012 0.001021
1.300000 0.286303 0.100000 0.006404 0.001022
1.500000 0.319037 0.100000 0.007835 0.001001
1.700000 0.355739 0.100000 0.009736 0.001011
1.900000 0.374508 0.100000 0.011619 0.001016
2.100000 0.406981 0.100000 0.014137 0.001084
2.300000 0.432074 0.100000 0.017777 0.001026
2.500000 0.462175 0.100000 0.019985 0.001059
2.700000 0.482652 0.100000 0.023489 0.001132
2.900000 0.459218 0.100000 0.027363 0.001141
3.100000 0.487482 0.100000 0.032679 0.001145
3.300000 0.501845 0.100000 0.037290 0.001205
3.500000 0.523684 0.100000 0.045824 0.001219
3.700000 0.514019 0.100000 0.049238 0.001495
3.900000 0.536585 0.100000 0.057894 0.001659
4.100000 0.507109 0.100000 0.060184 0.001873
4.300000 0.584337 0.100000 0.074680 0.002342
4.500000 0.547009 0.100000 0.085045 0.004217
4.700000 0.595745 0.100000 0.100565 0.002642
4.900000 0.625000 0.100000 0.112673 0.003246
5.100000 0.577465 0.100000 0.113270 0.003708
5.300000 0.600000 0.100000 0.121529 0.003227
5.500000 0.566038 0.100000 0.129326 0.003721
5.700000 0.590909 0.100000 0.146169 0.006473
5.900000 0.488889 0.100000 0.127183 0.009016
6.100000 0.382353 0.100000 0.124682 0.006130
6.300000 0.481481 0.100000 0.162538 0.009765
6.500000 0.611111 0.100000 0.165376 0.003800
6.700000 0.538462 0.100000 0.178498 0.007126
6.900000 0.588235 0.100000 0.234427 0.010960
7.100000 0.647059 0.100000 0.250381 0.014350
7.300000 0.470588 0.100000 0.201763 0.006574
7.500000 0.800000 0.100000 0.536656 0.016291
7.700000 0.444444 0.100000 0.267078 0.012762
