0.100000 0.000000 0.100000 0.000000 0.000000
0.300000 0.000247 0.100000 0.000093 0.013478
0.500000 0.013953 0.100000 0.000696 0.001258
0.700000 0.084431 0.100000 0.002035 0.001132
0.900000 0.169187 0.100000 0.003501 0.001070
1.100000 0.214262 0.100000 0.004637 0.001005
1.300000 0.250557 0.100000 0.005907 0.001018
1.500000 0.279066 0.100000 0.007216 0.000968
1.700000 0.310731 0.100000 0.008947 0.001022
1.900000 0.324416 0.100000 0.010615 0.001026
2.100000 0.354625 0.100000 0.012949 0.001084
2.300000 0.372319 0.100000 0.016154 0.001054
2.500000 0.396572 0.100000 0.018092 0.001061
2.700000 0.405551 0.100000 0.020964 0.001122
2.900000 0.397765 0.100000 0.024924 0.001202
3.100000 0.422680 0.100000 0.029759 0.001218
3.300000 0.428044 0.100000 0.033583 0.001232
3.500000 0.442105 0.100000 0.040961 0.001350
3.700000 0.417445 0.100000 0.042934 0.001644
3.900000 0.434959 0.100000 0.050371 0.001851
4.100000 0.445498 0.100000 0.055245 0.002341
4.300000 0.469880 0.100000 0.064503 0.002545
4.500000 0.435897 0.100000 0.073141 0.004596
4.700000 0.468085 0.100000 0.085502 0.002896
4.900000 0.537500 0.100000 0.101637 0.003313
5.100000 0.535211 0.100000 0.107577 0.004124
5.300000 0.507692 0.100000 0.108518 0.002909
5.500000 0.509434 0.100000 0.120452 0.003661
5.700000 0.477273 0.100000 0.126586 0.006498
5.900000 0.377778 0.100000 0.107548 0.020228
6.100000 0.294118 0.100000 0.105805 0.006259
6.300000 0.481481 0.100000 0.162538 0.009387
6.500000 0.527778 0.100000 0.149660 0.003313
6.700000 0.500000 0.100000 0.169842 0.006776
6.900000 0.588235 0.100000 0.234427 0.010960
7.100000 0.647059 0.100000 0.250381 0.014350
7.300000 0.470588 0.100000 0.201763 0.006574
7.500000 0.400000 0.100000 0.334664 0.011997
7.700000 0.222222 0.100000 0.173719 0.000834
