0.050000 0.000000 0.050000 0.000000
0.150000 0.000000 0.050000 0.000000
0.250000 0.000000 0.050000 0.000000
0.350000 0.000648 0.050000 0.000205
0.450000 0.005710 0.050000 0.000614
0.550000 0.028494 0.050000 0.001450
0.650000 0.073942 0.050000 0.002592
0.750000 0.122362 0.050000 0.003655
0.850000 0.170208 0.050000 0.004745
0.950000 0.216383 0.050000 0.006010
1.050000 0.232769 0.050000 0.006644
1.150000 0.258301 0.050000 0.007617
1.250000 0.276728 0.050000 0.008564
1.350000 0.298102 0.050000 0.009641
1.450000 0.319063 0.050000 0.010645
1.550000 0.319007 0.050000 0.011574
1.650000 0.357381 0.050000 0.013397
1.750000 0.355136 0.050000 0.014205
1.850000 0.371819 0.050000 0.015504
1.950000 0.378474 0.050000 0.017565
2.050000 0.392691 0.050000 0.019063
2.150000 0.425735 0.050000 0.021126
2.250000 0.404920 0.050000 0.023199
2.350000 0.463929 0.050000 0.027455
2.450000 0.445640 0.050000 0.026334
2.550000 0.483617 0.050000 0.030665
2.650000 0.443314 0.050000 0.030496
2.750000 0.528736 0.050000 0.036431
2.850000 0.441296 0.050000 0.035882
2.950000 0.483791 0.050000 0.042310
3.050000 0.441341 0.050000 0.042153
3.150000 0.542056 0.050000 0.051029
3.250000 0.507092 0.050000 0.052058
3.350000 0.496154 0.050000 0.053433
3.450000 0.529412 0.050000 0.063000
3.550000 0.522727 0.050000 0.067250
3.650000 0.592179 0.050000 0.072576
3.750000 0.415493 0.050000 0.064356
3.850000 0.611570 0.050000 0.090252
3.950000 0.464000 0.050000 0.073718
4.050000 0.539130 0.050000 0.084945
4.150000 0.468750 0.050000 0.084685
4.250000 0.543210 0.050000 0.101731
4.350000 0.623529 0.050000 0.109131
4.450000 0.607143 0.050000 0.132001
4.550000 0.540984 0.050000 0.116903
4.650000 0.690476 0.050000 0.166707
4.750000 0.557692 0.050000 0.129252
4.850000 0.500000 0.050000 0.125000
4.950000 0.812500 0.050000 0.214524
5.050000 0.571429 0.050000 0.160175
5.150000 0.583333 0.050000 0.160174
5.250000 0.621622 0.050000 0.165058
5.350000 0.571429 0.050000 0.179081
5.450000 0.612903 0.050000 0.178574
5.550000 0.500000 0.050000 0.184637
5.650000 0.545455 0.050000 0.195747
5.750000 0.636364 0.050000 0.217561
5.850000 0.450000 0.050000 0.180624
5.950000 0.520000 0.050000 0.177809
6.050000 0.333333 0.050000 0.157135
6.150000 0.437500 0.050000 0.198259
6.250000 0.692308 0.050000 0.300205
6.350000 0.285714 0.050000 0.161985
6.450000 1.000000 0.050000 0.426401
6.550000 0.440000 0.050000 0.159198
6.650000 0.500000 0.050000 0.231455
6.750000 0.583333 0.050000 0.277430
6.850000 0.500000 0.050000 0.250000
6.950000 0.800000 0.050000 0.536656
7.050000 0.400000 0.050000 0.236643
7.150000 1.142857 0.050000 0.591485
7.250000 0.454545 0.050000 0.245164
7.350000 0.500000 0.050000 0.353553
7.450000 0.250000 0.050000 0.279508
7.550000 3.000000 0.050000 3.464102
7.650000 0.333333 0.050000 0.272166
7.750000 0.666667 0.050000 0.608581
7.850000 0.500000 0.050000 0.612372
