0.100000 0.000064 0.100000 0.000001
0.300000 0.000452 0.100000 0.000113
0.500000 0.012248 0.100000 0.000594
0.700000 0.069338 0.100000 0.001662
0.900000 0.140876 0.100000 0.002870
1.100000 0.182758 0.100000 0.003831
1.300000 0.213801 0.100000 0.004904
1.500000 0.233881 0.100000 0.005895
1.700000 0.261560 0.100000 0.007298
1.900000 0.286547 0.100000 0.008971
2.100000 0.301260 0.100000 0.010687
2.300000 0.314244 0.100000 0.013121
2.500000 0.333820 0.100000 0.014913
2.700000 0.339130 0.100000 0.017170
2.900000 0.362272 0.100000 0.021868
3.100000 0.359858 0.100000 0.024576
3.300000 0.374670 0.100000 0.028352
3.500000 0.368849 0.100000 0.034490
3.700000 0.391764 0.100000 0.038931
3.900000 0.367452 0.100000 0.043490
4.100000 0.373896 0.100000 0.046565
4.300000 0.496979 0.100000 0.062885
4.500000 0.467799 0.100000 0.078178
4.700000 0.385761 0.100000 0.074870
