0.100000 0.000064 0.100000 0.000001
0.300000 0.000454 0.100000 0.000114
0.500000 0.015956 0.100000 0.000680
0.700000 0.090421 0.100000 0.001917
0.900000 0.185504 0.100000 0.003357
1.100000 0.239574 0.100000 0.004490
1.300000 0.275175 0.100000 0.005703
1.500000 0.305168 0.100000 0.006926
1.700000 0.346933 0.100000 0.008685
1.900000 0.365808 0.100000 0.010443
2.100000 0.396119 0.100000 0.012693
2.300000 0.407079 0.100000 0.015453
2.500000 0.440292 0.100000 0.017797
2.700000 0.447307 0.100000 0.020500
2.900000 0.476116 0.100000 0.026097
3.100000 0.479929 0.100000 0.029608
3.300000 0.466037 0.100000 0.032655
3.500000 0.503682 0.100000 0.042242
3.700000 0.524662 0.100000 0.047155
3.900000 0.489035 0.100000 0.052354
4.100000 0.452595 0.100000 0.052679
4.300000 0.546491 0.100000 0.067025
4.500000 0.621994 0.100000 0.094764
4.700000 0.445803 0.100000 0.082211
