0.100000 0.000064 0.100000 0.000001
0.300000 0.000028 0.100000 0.000001
0.500000 0.014926 0.100000 0.000657
0.700000 0.084839 0.100000 0.001852
0.900000 0.171555 0.100000 0.003209
1.100000 0.223950 0.100000 0.004314
1.300000 0.257807 0.100000 0.005482
1.500000 0.286487 0.100000 0.006662
1.700000 0.324019 0.100000 0.008322
1.900000 0.344182 0.100000 0.010049
2.100000 0.364940 0.100000 0.012047
2.300000 0.378167 0.100000 0.014740
2.500000 0.415262 0.100000 0.017133
2.700000 0.407483 0.100000 0.019295
2.900000 0.432801 0.100000 0.024513
3.100000 0.452810 0.100000 0.028494
3.300000 0.449158 0.100000 0.031873
3.500000 0.471722 0.100000 0.040443
3.700000 0.476624 0.100000 0.044231
3.900000 0.433992 0.100000 0.048400
4.100000 0.428662 0.100000 0.050843
4.300000 0.530405 0.100000 0.065687
4.500000 0.533097 0.100000 0.085293
4.700000 0.412452 0.100000 0.078159
