0.100000 0.000064 0.100000 0.000001
0.300000 0.000491 0.100000 0.000118
0.500000 0.016317 0.100000 0.000687
0.700000 0.092679 0.100000 0.001943
0.900000 0.189557 0.100000 0.003399
1.100000 0.246644 0.100000 0.004569
1.300000 0.281907 0.100000 0.005787
1.500000 0.312930 0.100000 0.007034
1.700000 0.356546 0.100000 0.008836
1.900000 0.374104 0.100000 0.010593
2.100000 0.403315 0.100000 0.012841
2.300000 0.413251 0.100000 0.015603
2.500000 0.449490 0.100000 0.018040
2.700000 0.465387 0.100000 0.021040
2.900000 0.492379 0.100000 0.026684
3.100000 0.496334 0.100000 0.030276
3.300000 0.480127 0.100000 0.033304
3.500000 0.521440 0.100000 0.043233
3.700000 0.535454 0.100000 0.047806
3.900000 0.524171 0.100000 0.054838
4.100000 0.472708 0.100000 0.054208
4.300000 0.540264 0.100000 0.066508
4.500000 0.640737 0.100000 0.096735
4.700000 0.453203 0.100000 0.083102
