0.100000 0.000000 0.100000 0.000000 0.000000 0.100000 0.000000
0.300000 0.000353 0.100000 0.000112 0.009760 0.100000 0.010855
0.500000 0.019989 0.100000 0.000835 0.001245 0.100000 0.000032
0.700000 0.114332 0.100000 0.002399 0.001171 0.100000 0.000021
0.900000 0.218207 0.100000 0.004056 0.001120 0.100000 0.000015
1.100000 0.270926 0.100000 0.005331 0.001043 0.100000 0.000014
1.300000 0.313514 0.100000 0.006765 0.001056 0.100000 0.000015
1.500000 0.344592 0.100000 0.008213 0.001023 0.100000 0.000017
1.700000 0.383860 0.100000 0.010213 0.001032 0.100000 0.000019
1.900000 0.397695 0.100000 0.012068 0.001081 0.100000 0.000021
2.100000 0.432857 0.100000 0.014708 0.001118 0.100000 0.000024
2.300000 0.451859 0.100000 0.018281 0.001070 0.100000 0.000031
2.500000 0.489374 0.100000 0.020743 0.001088 0.100000 0.000032
2.700000 0.501925 0.100000 0.024090 0.001120 0.100000 0.000039
2.900000 0.475978 0.100000 0.028017 0.001150 0.100000 0.000048
3.100000 0.510294 0.100000 0.033666 0.001149 0.100000 0.000059
3.300000 0.518315 0.100000 0.037965 0.001198 0.100000 0.000075
3.500000 0.547368 0.100000 0.047211 0.001212 0.100000 0.000114
3.700000 0.540373 0.100000 0.050843 0.001465 0.100000 0.000137
3.900000 0.560976 0.100000 0.059663 0.001605 0.100000 0.000217
4.100000 0.530806 0.100000 0.062056 0.001909 0.100000 0.000396
4.300000 0.602410 0.100000 0.076257 0.002314 0.100000 0.000528
4.500000 0.555556 0.100000 0.085944 0.004203 0.100000 0.002499
4.700000 0.606383 0.100000 0.101797 0.002598 0.100000 0.001242
4.900000 0.625000 0.100000 0.112673 0.003246 0.100000 0.001820
5.100000 0.577465 0.100000 0.113270 0.003708 0.100000 0.002572
5.300000 0.600000 0.100000 0.121529 0.003406 0.100000 0.003113
5.500000 0.584906 0.100000 0.132253 0.003267 0.100000 0.002757
5.700000 0.636364 0.100000 0.153839 0.006603 0.100000 0.011027
5.900000 0.533333 0.100000 0.134807 0.011383 0.100000 0.013957
6.100000 0.441176 0.100000 0.136749 0.006116 0.100000 0.007513
6.300000 0.518519 0.100000 0.170769 0.014424 0.100000 0.007541
6.500000 0.611111 0.100000 0.165376 0.003800 0.100000 0.003472
6.700000 0.576923 0.100000 0.187059 0.007603 0.100000 0.010880
6.900000 0.588235 0.100000 0.234427 0.010960 0.100000 0.011124
7.100000 0.647059 0.100000 0.250381 0.014350 0.100000 0.012706
7.300000 0.470588 0.100000 0.201763 0.002971 0.100000 0.005939
7.500000 1.400000 0.100000 0.819756 0.017301 0.100000 0.012930
7.700000 0.444444 0.100000 0.267078 0.012762 0.100000 0.011200
