0.100000 0.000000 0.100000 0.000000 0.000000
0.300000 0.000247 0.100000 0.000093 0.009906
0.500000 0.016772 0.100000 0.000764 0.001254
0.700000 0.099567 0.100000 0.002223 0.001157
0.900000 0.192029 0.100000 0.003764 0.001114
1.100000 0.235348 0.100000 0.004899 0.001024
1.300000 0.272505 0.100000 0.006208 0.001047
1.500000 0.297860 0.100000 0.007502 0.000995
1.700000 0.332024 0.100000 0.009319 0.001042
1.900000 0.344511 0.100000 0.011016 0.001089
2.100000 0.373910 0.100000 0.013386 0.001114
2.300000 0.389710 0.100000 0.016610 0.001076
2.500000 0.417355 0.100000 0.018687 0.001062
2.700000 0.419554 0.100000 0.021412 0.001116
2.900000 0.413408 0.100000 0.025551 0.001211
3.100000 0.441176 0.100000 0.030578 0.001253
3.300000 0.441392 0.100000 0.034136 0.001229
3.500000 0.463158 0.100000 0.042230 0.001364
3.700000 0.440994 0.100000 0.044424 0.001618
3.900000 0.455285 0.100000 0.051898 0.001703
4.100000 0.464455 0.100000 0.056776 0.002307
4.300000 0.481928 0.100000 0.065592 0.002626
4.500000 0.444444 0.100000 0.074074 0.004574
4.700000 0.478723 0.100000 0.086780 0.002845
4.900000 0.537500 0.100000 0.101637 0.003313
5.100000 0.535211 0.100000 0.107577 0.004124
5.300000 0.507692 0.100000 0.108518 0.003121
5.500000 0.528302 0.100000 0.123426 0.003054
5.700000 0.477273 0.100000 0.126586 0.006783
5.900000 0.422222 0.100000 0.115518 0.019449
6.100000 0.323529 0.100000 0.112224 0.004517
6.300000 0.518519 0.100000 0.170769 0.010732
6.500000 0.527778 0.100000 0.149660 0.003313
6.700000 0.538462 0.100000 0.178498 0.007310
6.900000 0.588235 0.100000 0.234427 0.010960
7.100000 0.647059 0.100000 0.250381 0.014350
7.300000 0.470588 0.100000 0.201763 0.002971
7.500000 1.000000 0.100000 0.632456 0.015345
7.700000 0.222222 0.100000 0.173719 0.000834
