0.100000 0.000000 0.100000 0.000000 0.000000 0.100000 0.000000
0.300000 0.000353 0.100000 0.000112 0.009760 0.100000 0.010855
0.500000 0.020126 0.100000 0.000838 0.001248 0.100000 0.000032
0.700000 0.114558 0.100000 0.002401 0.001172 0.100000 0.000021
0.900000 0.218330 0.100000 0.004057 0.001121 0.100000 0.000015
1.100000 0.271339 0.100000 0.005336 0.001044 0.100000 0.000014
1.300000 0.314070 0.100000 0.006773 0.001056 0.100000 0.000015
1.500000 0.344883 0.100000 0.008217 0.001023 0.100000 0.000017
1.700000 0.384449 0.100000 0.010223 0.001033 0.100000 0.000019
1.900000 0.397957 0.100000 0.012073 0.001080 0.100000 0.000021
2.100000 0.434252 0.100000 0.014739 0.001120 0.100000 0.000024
2.300000 0.451859 0.100000 0.018281 0.001069 0.100000 0.000031
2.500000 0.489965 0.100000 0.020759 0.001087 0.100000 0.000032
2.700000 0.502694 0.100000 0.024115 0.001120 0.100000 0.000039
2.900000 0.477095 0.100000 0.028060 0.001150 0.100000 0.000048
3.100000 0.511765 0.100000 0.033731 0.001148 0.100000 0.000059
3.300000 0.518315 0.100000 0.037965 0.001198 0.100000 0.000075
3.500000 0.550000 0.100000 0.047365 0.001218 0.100000 0.000111
3.700000 0.543478 0.100000 0.051040 0.001481 0.100000 0.000140
3.900000 0.560976 0.100000 0.059663 0.001605 0.100000 0.000217
4.100000 0.530806 0.100000 0.062056 0.001909 0.100000 0.000396
4.300000 0.602410 0.100000 0.076257 0.002277 0.100000 0.000509
4.500000 0.581197 0.100000 0.088626 0.005918 0.100000 0.004669
4.700000 0.627660 0.100000 0.104251 0.002670 0.100000 0.001593
4.900000 0.625000 0.100000 0.112673 0.003246 0.100000 0.001820
5.100000 0.577465 0.100000 0.113270 0.003708 0.100000 0.002572
5.300000 0.600000 0.100000 0.121529 0.003406 0.100000 0.003113
5.500000 0.584906 0.100000 0.132253 0.003267 0.100000 0.002757
5.700000 0.636364 0.100000 0.153839 0.006603 0.100000 0.011027
5.900000 0.533333 0.100000 0.134807 0.011383 0.100000 0.013957
6.100000 0.441176 0.100000 0.136749 0.006116 0.100000 0.007513
6.300000 0.518519 0.100000 0.170769 0.014424 0.100000 0.007541
6.500000 0.611111 0.100000 0.165376 0.003800 0.100000 0.003472
6.700000 0.615385 0.100000 0.195535 0.017965 0.100000 0.020361
6.900000 0.588235 0.100000 0.234427 0.024515 0.100000 0.012735
7.100000 0.764706 0.100000 0.281747 0.008031 0.100000 0.016119
7.300000 0.470588 0.100000 0.201763 0.002970 0.100000 0.005941
7.500000 1.400000 0.100000 0.819756 0.017301 0.100000 0.012930
7.700000 0.555556 0.100000 0.309874 0.015198 0.100000 0.009259
