0.100000 0.000000 0.100000 0.000000 0.000000
0.300000 0.000000 0.100000 0.000000 0.013855
0.500000 0.007188 0.100000 0.000498 0.001288
0.700000 0.046419 0.100000 0.001481 0.001099
0.900000 0.097036 0.100000 0.002567 0.001103
1.100000 0.115651 0.100000 0.003264 0.001000
1.300000 0.130696 0.100000 0.004053 0.000961
1.500000 0.144126 0.100000 0.004900 0.000963
1.700000 0.159435 0.100000 0.006025 0.001023
1.900000 0.147498 0.100000 0.006659 0.001062
2.100000 0.165678 0.100000 0.008207 0.001009
2.300000 0.185940 0.100000 0.010599 0.000984
2.500000 0.173554 0.100000 0.010965 0.001056
2.700000 0.192456 0.100000 0.013292 0.001086
2.900000 0.191061 0.100000 0.015946 0.001293
3.100000 0.216176 0.100000 0.019663 0.001243
3.300000 0.192308 0.100000 0.020493 0.001500
3.500000 0.202632 0.100000 0.025324 0.001805
3.700000 0.211180 0.100000 0.028184 0.002681
3.900000 0.186992 0.100000 0.030038 0.004517
4.100000 0.156398 0.100000 0.029277 0.003088
4.300000 0.180723 0.100000 0.035853 0.002042
4.500000 0.213675 0.100000 0.047080 0.005027
4.700000 0.255319 0.100000 0.058392 0.011475
4.900000 0.262500 0.100000 0.064363 0.002951
5.100000 0.309859 0.100000 0.075608 0.009221
5.300000 0.184615 0.100000 0.058005 0.014117
5.500000 0.283019 0.100000 0.082773 0.005631
5.700000 0.204545 0.100000 0.074831 0.017135
5.900000 0.177778 0.100000 0.068213 0.018572
6.100000 0.088235 0.100000 0.053143 0.009730
6.300000 0.222222 0.100000 0.100297 0.003167
6.500000 0.138889 0.100000 0.066286 0.012775
6.700000 0.192308 0.100000 0.093909 0.004372
6.900000 0.176471 0.100000 0.110510 0.016806
7.100000 0.411765 0.100000 0.184919 0.015841
7.300000 0.235294 0.100000 0.130757 0.007167
7.500000 0.400000 0.100000 0.334664 0.012228
7.700000 0.111111 0.100000 0.117121 0.258759
