0.100000 0.000000 0.100000 0.000000 0.000000 0.100000 0.000000
0.300000 0.000317 0.100000 0.000106 0.008803 0.100000 0.010239
0.500000 0.019544 0.100000 0.000826 0.001248 0.100000 0.000033
0.700000 0.112661 0.100000 0.002379 0.001170 0.100000 0.000021
0.900000 0.215793 0.100000 0.004029 0.001118 0.100000 0.000015
1.100000 0.267872 0.100000 0.005295 0.001040 0.100000 0.000014
1.300000 0.309402 0.100000 0.006710 0.001054 0.100000 0.000015
1.500000 0.340370 0.100000 0.008150 0.001023 0.100000 0.000017
1.700000 0.379344 0.100000 0.010136 0.001034 0.100000 0.000019
1.900000 0.391145 0.100000 0.011940 0.001083 0.100000 0.000021
2.100000 0.426230 0.100000 0.014561 0.001119 0.100000 0.000024
2.300000 0.448803 0.100000 0.018200 0.001072 0.100000 0.000031
2.500000 0.482881 0.100000 0.020560 0.001091 0.100000 0.000032
2.700000 0.491147 0.100000 0.023744 0.001121 0.100000 0.000039
2.900000 0.472626 0.100000 0.027886 0.001148 0.100000 0.000048
3.100000 0.502941 0.100000 0.033341 0.001152 0.100000 0.000060
3.300000 0.507326 0.100000 0.037424 0.001212 0.100000 0.000080
3.500000 0.542105 0.100000 0.046904 0.001215 0.100000 0.000115
3.700000 0.527950 0.100000 0.050052 0.001488 0.100000 0.000142
3.900000 0.548780 0.100000 0.058780 0.001646 0.100000 0.000243
4.100000 0.530806 0.100000 0.062056 0.001909 0.100000 0.000396
4.300000 0.602410 0.100000 0.076257 0.002314 0.100000 0.000528
4.500000 0.547009 0.100000 0.085045 0.004424 0.100000 0.002835
4.700000 0.595745 0.100000 0.100565 0.002610 0.100000 0.001256
4.900000 0.612500 0.100000 0.111111 0.003169 0.100000 0.001698
5.100000 0.577465 0.100000 0.113270 0.003708 0.100000 0.002572
5.300000 0.584615 0.100000 0.119382 0.003910 0.100000 0.004324
5.500000 0.584906 0.100000 0.132253 0.003267 0.100000 0.002757
5.700000 0.590909 0.100000 0.146169 0.006873 0.100000 0.010830
5.900000 0.511111 0.100000 0.131009 0.015932 0.100000 0.017718
6.100000 0.441176 0.100000 0.136749 0.006116 0.100000 0.007513
6.300000 0.518519 0.100000 0.170769 0.014424 0.100000 0.007541
6.500000 0.611111 0.100000 0.165376 0.003800 0.100000 0.003472
6.700000 0.576923 0.100000 0.187059 0.007603 0.100000 0.010880
6.900000 0.588235 0.100000 0.234427 0.010960 0.100000 0.011124
7.100000 0.647059 0.100000 0.250381 0.014350 0.100000 0.012706
7.300000 0.470588 0.100000 0.201763 0.002971 0.100000 0.005939
7.500000 1.400000 0.100000 0.819756 0.017301 0.100000 0.012930
7.700000 0.444444 0.100000 0.267078 0.012762 0.100000 0.011200
