0.100000 0.000000 0.100000 0.000000 0.000000
0.300000 0.000212 0.100000 0.000086 0.011971
0.500000 0.013999 0.100000 0.000697 0.001233
0.700000 0.083040 0.100000 0.002015 0.001140
0.900000 0.170184 0.100000 0.003511 0.001070
1.100000 0.222800 0.100000 0.004742 0.001000
1.300000 0.261503 0.100000 0.006055 0.001004
1.500000 0.298151 0.100000 0.007506 0.000979
1.700000 0.331632 0.100000 0.009312 0.001000
1.900000 0.349751 0.100000 0.011121 0.001006
2.100000 0.379142 0.100000 0.013505 0.001073
2.300000 0.404992 0.100000 0.017026 0.001003
2.500000 0.436246 0.100000 0.019232 0.001039
2.700000 0.444188 0.100000 0.022222 0.001096
2.900000 0.412291 0.100000 0.025507 0.001155
3.100000 0.455882 0.100000 0.031242 0.001139
3.300000 0.439560 0.100000 0.034043 0.001174
3.500000 0.473684 0.100000 0.042860 0.001227
3.700000 0.440994 0.100000 0.044424 0.001590
3.900000 0.479675 0.100000 0.053714 0.001806
4.100000 0.459716 0.100000 0.056395 0.001645
4.300000 0.524096 0.100000 0.069368 0.002316
4.500000 0.487179 0.100000 0.078692 0.002676
4.700000 0.521277 0.100000 0.091849 0.002944
4.900000 0.575000 0.100000 0.106397 0.003144
5.100000 0.521127 0.100000 0.105664 0.003333
5.300000 0.538462 0.100000 0.112892 0.003383
5.500000 0.566038 0.100000 0.129326 0.003151
5.700000 0.522727 0.100000 0.134500 0.005792
5.900000 0.444444 0.100000 0.119441 0.013612
6.100000 0.382353 0.100000 0.124682 0.005755
6.300000 0.444444 0.100000 0.154197 0.009407
6.500000 0.611111 0.100000 0.165376 0.003800
6.700000 0.538462 0.100000 0.178498 0.007126
6.900000 0.529412 0.100000 0.218240 0.005385
7.100000 0.647059 0.100000 0.250381 0.014350
7.300000 0.470588 0.100000 0.201763 0.006574
7.500000 0.800000 0.100000 0.536656 0.016291
7.700000 0.444444 0.100000 0.267078 0.012762
