0.100000 0.000000 0.100000 0.000000 0.000000
0.300000 0.000141 0.100000 0.000071 0.011616
0.500000 0.012219 0.100000 0.000651 0.001233
0.700000 0.073783 0.100000 0.001891 0.001129
0.900000 0.152732 0.100000 0.003301 0.001054
1.100000 0.197292 0.100000 0.004416 0.000982
1.300000 0.232274 0.100000 0.005640 0.001001
1.500000 0.264522 0.100000 0.006978 0.000949
1.700000 0.292951 0.100000 0.008624 0.001010
1.900000 0.308095 0.100000 0.010275 0.001009
2.100000 0.336240 0.100000 0.012519 0.001070
2.300000 0.350484 0.100000 0.015528 0.001021
2.500000 0.379575 0.100000 0.017582 0.001040
2.700000 0.380293 0.100000 0.020102 0.001090
2.900000 0.359777 0.100000 0.023380 0.001214
3.100000 0.400000 0.100000 0.028697 0.001216
3.300000 0.380952 0.100000 0.031040 0.001237
3.500000 0.405263 0.100000 0.038713 0.001309
3.700000 0.366460 0.100000 0.039435 0.001784
3.900000 0.402439 0.100000 0.047899 0.002171
4.100000 0.398104 0.100000 0.051360 0.002221
4.300000 0.427711 0.100000 0.060651 0.002261
4.500000 0.418803 0.100000 0.071265 0.004781
4.700000 0.414894 0.100000 0.079025 0.003386
4.900000 0.500000 0.100000 0.096825 0.003190
5.100000 0.478873 0.100000 0.099873 0.003892
5.300000 0.492308 0.100000 0.106314 0.003054
5.500000 0.509434 0.100000 0.120452 0.003000
5.700000 0.431818 0.100000 0.118541 0.005426
5.900000 0.355556 0.100000 0.103492 0.020616
6.100000 0.294118 0.100000 0.105805 0.005797
6.300000 0.444444 0.100000 0.154197 0.009209
6.500000 0.527778 0.100000 0.149660 0.003313
6.700000 0.500000 0.100000 0.169842 0.006776
6.900000 0.529412 0.100000 0.218240 0.005385
7.100000 0.647059 0.100000 0.250381 0.014350
7.300000 0.470588 0.100000 0.201763 0.006574
7.500000 0.400000 0.100000 0.334664 0.011997
7.700000 0.222222 0.100000 0.173719 0.000834
