0.100000 0.000000 0.100000 0.000000 0.000000 0.100000 0.000000
0.300000 0.000000 0.100000 0.000000 0.011045 0.100000 0.010104
0.500000 0.005408 0.100000 0.000431 0.001239 0.100000 0.000089
0.700000 0.033686 0.100000 0.001254 0.000932 0.100000 0.000038
0.900000 0.078408 0.100000 0.002288 0.001037 0.100000 0.000023
1.100000 0.098564 0.100000 0.002990 0.000972 0.100000 0.000022
1.300000 0.112914 0.100000 0.003737 0.000924 0.100000 0.000023
1.500000 0.129131 0.100000 0.004607 0.000962 0.100000 0.000026
1.700000 0.143138 0.100000 0.005668 0.000989 0.100000 0.000031
1.900000 0.132565 0.100000 0.006272 0.001075 0.100000 0.000040
2.100000 0.151029 0.100000 0.007787 0.001004 0.100000 0.000041
2.300000 0.170148 0.100000 0.010071 0.000950 0.100000 0.000051
2.500000 0.155844 0.100000 0.010312 0.001107 0.100000 0.000084
2.700000 0.173980 0.100000 0.012539 0.001063 0.100000 0.000078
2.900000 0.163128 0.100000 0.014560 0.001285 0.100000 0.000169
3.100000 0.189706 0.100000 0.018218 0.001249 0.100000 0.000196
3.300000 0.168498 0.100000 0.018990 0.001659 0.100000 0.000499
3.500000 0.181579 0.100000 0.023761 0.002072 0.100000 0.000624
3.700000 0.180124 0.100000 0.025693 0.002998 0.100000 0.001259
3.900000 0.162602 0.100000 0.027721 0.005481 0.100000 0.006167
4.100000 0.127962 0.100000 0.026155 0.003529 0.100000 0.004329
4.300000 0.156627 0.100000 0.033035 0.002199 0.100000 0.001475
4.500000 0.205128 0.100000 0.045966 0.005455 0.100000 0.005916
4.700000 0.212766 0.100000 0.052393 0.011856 0.100000 0.010978
4.900000 0.250000 0.100000 0.062500 0.002667 0.100000 0.002080
5.100000 0.267606 0.100000 0.069121 0.008099 0.100000 0.011168
5.300000 0.184615 0.100000 0.058005 0.014117 0.100000 0.013587
5.500000 0.283019 0.100000 0.082773 0.004917 0.100000 0.005829
5.700000 0.181818 0.100000 0.069882 0.016983 0.100000 0.015175
5.900000 0.133333 0.100000 0.057948 0.018824 0.100000 0.011401
6.100000 0.088235 0.100000 0.053143 0.009730 0.100000 0.006446
6.300000 0.222222 0.100000 0.100297 0.003167 0.100000 0.005341
6.500000 0.138889 0.100000 0.066286 0.012775 0.100000 0.010712
6.700000 0.192308 0.100000 0.093909 0.004372 0.100000 0.010613
6.900000 0.176471 0.100000 0.110510 0.016806 0.100000 0.013268
7.100000 0.411765 0.100000 0.184919 0.015841 0.100000 0.013123
7.300000 0.235294 0.100000 0.130757 0.006568 0.100000 0.006570
7.500000 0.000000 0.100000 0.000000 0.258759 0.100000 1.702373
7.700000 0.111111 0.100000 0.117121 0.238432 0.100000 1.344473
