0.100000 0.000000 0.100000 0.000000 0.000000
0.300000 0.000212 0.100000 0.000086 0.011971
0.500000 0.014273 0.100000 0.000704 0.001234
0.700000 0.084033 0.100000 0.002028 0.001144
0.900000 0.171793 0.100000 0.003530 0.001069
1.100000 0.224946 0.100000 0.004769 0.001002
1.300000 0.264392 0.100000 0.006095 0.001005
1.500000 0.301208 0.100000 0.007554 0.000978
1.700000 0.334970 0.100000 0.009370 0.000998
1.900000 0.354991 0.100000 0.011226 0.001004
2.100000 0.384025 0.100000 0.013616 0.001071
2.300000 0.408049 0.100000 0.017108 0.001003
2.500000 0.440968 0.100000 0.019368 0.001034
2.700000 0.453426 0.100000 0.022524 0.001096
2.900000 0.415642 0.100000 0.025640 0.001157
3.100000 0.461765 0.100000 0.031506 0.001148
3.300000 0.450549 0.100000 0.034597 0.001173
3.500000 0.478947 0.100000 0.043175 0.001232
3.700000 0.447205 0.100000 0.044832 0.001560
3.900000 0.487805 0.100000 0.054316 0.001761
4.100000 0.459716 0.100000 0.056395 0.001645
4.300000 0.524096 0.100000 0.069368 0.002316
4.500000 0.495726 0.100000 0.079608 0.000019
4.700000 0.531915 0.100000 0.093105 0.002909
4.900000 0.587500 0.100000 0.107973 0.003236
5.100000 0.521127 0.100000 0.105664 0.003333
5.300000 0.553846 0.100000 0.115065 0.003626
5.500000 0.566038 0.100000 0.129326 0.003151
5.700000 0.545455 0.100000 0.138414 0.006333
5.900000 0.466667 0.100000 0.123328 0.008933
6.100000 0.382353 0.100000 0.124682 0.005755
6.300000 0.444444 0.100000 0.154197 0.009407
6.500000 0.611111 0.100000 0.165376 0.003800
6.700000 0.538462 0.100000 0.178498 0.007126
6.900000 0.529412 0.100000 0.218240 0.005385
7.100000 0.647059 0.100000 0.250381 0.014350
7.300000 0.470588 0.100000 0.201763 0.006574
7.500000 0.800000 0.100000 0.536656 0.016291
7.700000 0.444444 0.100000 0.267078 0.012762
