0.100000 0.000000 0.100000 0.000000 0.000000
0.300000 0.000212 0.100000 0.000086 0.011971
0.500000 0.014376 0.100000 0.000706 0.001238
0.700000 0.084169 0.100000 0.002030 0.001143
0.900000 0.171855 0.100000 0.003530 0.001069
1.100000 0.225194 0.100000 0.004772 0.001002
1.300000 0.264503 0.100000 0.006097 0.001005
1.500000 0.301208 0.100000 0.007554 0.000978
1.700000 0.335559 0.100000 0.009381 0.000999
1.900000 0.355253 0.100000 0.011231 0.001003
2.100000 0.385072 0.100000 0.013639 0.001070
2.300000 0.408049 0.100000 0.017108 0.001002
2.500000 0.441558 0.100000 0.019384 0.001033
2.700000 0.453426 0.100000 0.022524 0.001096
2.900000 0.415642 0.100000 0.025640 0.001157
3.100000 0.463235 0.100000 0.031572 0.001146
3.300000 0.450549 0.100000 0.034597 0.001173
3.500000 0.478947 0.100000 0.043175 0.001232
3.700000 0.447205 0.100000 0.044832 0.001560
3.900000 0.487805 0.100000 0.054316 0.001761
4.100000 0.459716 0.100000 0.056395 0.001645
4.300000 0.524096 0.100000 0.069368 0.002276
4.500000 0.512821 0.100000 0.081430 0.000124
4.700000 0.542553 0.100000 0.094358 0.002885
4.900000 0.587500 0.100000 0.107973 0.003236
5.100000 0.521127 0.100000 0.105664 0.003333
5.300000 0.553846 0.100000 0.115065 0.003626
5.500000 0.566038 0.100000 0.129326 0.003151
5.700000 0.545455 0.100000 0.138414 0.006333
5.900000 0.466667 0.100000 0.123328 0.008933
6.100000 0.382353 0.100000 0.124682 0.005755
6.300000 0.444444 0.100000 0.154197 0.009407
6.500000 0.611111 0.100000 0.165376 0.003800
6.700000 0.538462 0.100000 0.178498 0.007126
6.900000 0.529412 0.100000 0.218240 0.005385
7.100000 0.705882 0.100000 0.266144 0.014350
7.300000 0.470588 0.100000 0.201763 0.006574
7.500000 0.800000 0.100000 0.536656 0.016291
7.700000 0.444444 0.100000 0.267078 0.012762
