0.100000 0.000000 0.100000 0.000000 0.000000 0.100000 0.000000
0.300000 0.000318 0.100000 0.000106 0.013455 0.100000 0.013443
0.500000 0.016172 0.100000 0.000750 0.001262 0.100000 0.000043
0.700000 0.094984 0.100000 0.002168 0.001141 0.100000 0.000022
0.900000 0.189326 0.100000 0.003734 0.001082 0.100000 0.000014
1.100000 0.242006 0.100000 0.004983 0.001019 0.100000 0.000014
1.300000 0.282950 0.100000 0.006354 0.001020 0.100000 0.000015
1.500000 0.315997 0.100000 0.007784 0.001001 0.100000 0.000017
1.700000 0.352190 0.100000 0.009672 0.001014 0.100000 0.000019
1.900000 0.368711 0.100000 0.011500 0.001019 0.100000 0.000019
2.100000 0.400907 0.100000 0.013999 0.001085 0.100000 0.000024
2.300000 0.428135 0.100000 0.017653 0.001025 0.100000 0.000029
2.500000 0.455726 0.100000 0.019790 0.001062 0.100000 0.000031
2.700000 0.473400 0.100000 0.023190 0.001132 0.100000 0.000043
2.900000 0.456278 0.100000 0.027293 0.001140 0.100000 0.000049
3.100000 0.479412 0.100000 0.032296 0.001142 0.100000 0.000064
3.300000 0.487179 0.100000 0.036428 0.001218 0.100000 0.000086
3.500000 0.518421 0.100000 0.045514 0.001222 0.100000 0.000118
3.700000 0.503106 0.100000 0.048461 0.001550 0.100000 0.000168
3.900000 0.524390 0.100000 0.057004 0.001736 0.100000 0.000284
4.100000 0.507109 0.100000 0.060184 0.001873 0.100000 0.000413
4.300000 0.584337 0.100000 0.074680 0.002342 0.100000 0.000555
4.500000 0.543103 0.100000 0.084998 0.004440 0.100000 0.002859
4.700000 0.585106 0.100000 0.099331 0.002654 0.100000 0.001311
4.900000 0.612500 0.100000 0.111111 0.003169 0.100000 0.001698
5.100000 0.577465 0.100000 0.113270 0.003708 0.100000 0.002572
5.300000 0.584615 0.100000 0.119382 0.003708 0.100000 0.003868
5.500000 0.566038 0.100000 0.129326 0.003721 0.100000 0.003766
5.700000 0.568182 0.100000 0.142303 0.006686 0.100000 0.010772
5.900000 0.466667 0.100000 0.123328 0.013843 0.100000 0.013057
6.100000 0.382353 0.100000 0.124682 0.006130 0.100000 0.010382
6.300000 0.481481 0.100000 0.162538 0.009765 0.100000 0.007741
6.500000 0.611111 0.100000 0.165376 0.003800 0.100000 0.003472
6.700000 0.538462 0.100000 0.178498 0.007126 0.100000 0.009187
6.900000 0.588235 0.100000 0.234427 0.010960 0.100000 0.011121
7.100000 0.647059 0.100000 0.250381 0.014350 0.100000 0.012706
7.300000 0.470588 0.100000 0.201763 0.006574 0.100000 0.005129
7.500000 0.800000 0.100000 0.536656 0.016291 0.100000 0.012763
7.700000 0.444444 0.100000 0.267078 0.012762 0.100000 0.011180
