0.100000 0.000000 0.100000 0.000000 0.000000 0.100000 0.000000
0.300000 0.000353 0.100000 0.000112 0.013401 0.100000 0.012320
0.500000 0.016583 0.100000 0.000760 0.001264 0.100000 0.000042
0.700000 0.096385 0.100000 0.002185 0.001142 0.100000 0.000022
0.900000 0.191308 0.100000 0.003756 0.001083 0.100000 0.000014
1.100000 0.244485 0.100000 0.005014 0.001021 0.100000 0.000014
1.300000 0.286286 0.100000 0.006400 0.001021 0.100000 0.000015
1.500000 0.319202 0.100000 0.007832 0.001000 0.100000 0.000017
1.700000 0.356511 0.100000 0.009746 0.001014 0.100000 0.000019
1.900000 0.375000 0.100000 0.011624 0.001016 0.100000 0.000019
2.100000 0.408234 0.100000 0.014163 0.001084 0.100000 0.000023
2.300000 0.431193 0.100000 0.017735 0.001025 0.100000 0.000029
2.500000 0.462810 0.100000 0.019991 0.001059 0.100000 0.000031
2.700000 0.484965 0.100000 0.023564 0.001134 0.100000 0.000042
2.900000 0.460762 0.100000 0.027469 0.001142 0.100000 0.000049
3.100000 0.488235 0.100000 0.032689 0.001143 0.100000 0.000063
3.300000 0.498168 0.100000 0.036972 0.001205 0.100000 0.000080
3.500000 0.526316 0.100000 0.045978 0.001219 0.100000 0.000117
3.700000 0.515528 0.100000 0.049258 0.001514 0.100000 0.000160
3.900000 0.536585 0.100000 0.057894 0.001659 0.100000 0.000246
4.100000 0.507109 0.100000 0.060184 0.001873 0.100000 0.000413
4.300000 0.584337 0.100000 0.074680 0.002304 0.100000 0.000535
4.500000 0.577586 0.100000 0.088629 0.005939 0.100000 0.004694
4.700000 0.617021 0.100000 0.103025 0.002748 0.100000 0.001824
4.900000 0.625000 0.100000 0.112673 0.003246 0.100000 0.001820
5.100000 0.577465 0.100000 0.113270 0.003708 0.100000 0.002572
5.300000 0.600000 0.100000 0.121529 0.003227 0.100000 0.002767
5.500000 0.566038 0.100000 0.129326 0.003721 0.100000 0.003766
5.700000 0.590909 0.100000 0.146169 0.006473 0.100000 0.010887
5.900000 0.488889 0.100000 0.127183 0.009016 0.100000 0.010519
6.100000 0.382353 0.100000 0.124682 0.006130 0.100000 0.010382
6.300000 0.481481 0.100000 0.162538 0.009765 0.100000 0.007744
6.500000 0.611111 0.100000 0.165376 0.003800 0.100000 0.003472
6.700000 0.538462 0.100000 0.178498 0.007126 0.100000 0.009187
6.900000 0.588235 0.100000 0.234427 0.010960 0.100000 0.011121
7.100000 0.705882 0.100000 0.266144 0.014350 0.100000 0.012706
7.300000 0.470588 0.100000 0.201763 0.006574 0.100000 0.005129
7.500000 0.800000 0.100000 0.536656 0.016291 0.100000 0.012763
7.700000 0.444444 0.100000 0.267078 0.012762 0.100000 0.011180
