0.100000 0.000000 0.100000 0.000000 0.000000
0.300000 0.000247 0.100000 0.000093 0.013479
0.500000 0.013945 0.100000 0.000696 0.001257
0.700000 0.084365 0.100000 0.002033 0.001130
0.900000 0.169391 0.100000 0.003502 0.001071
1.100000 0.214327 0.100000 0.004637 0.001005
1.300000 0.250250 0.100000 0.005899 0.001018
1.500000 0.279429 0.100000 0.007217 0.000967
1.700000 0.310744 0.100000 0.008945 0.001023
1.900000 0.324686 0.100000 0.010617 0.001027
2.100000 0.354501 0.100000 0.012944 0.001084
2.300000 0.371560 0.100000 0.016117 0.001054
2.500000 0.396694 0.100000 0.018085 0.001061
2.700000 0.407093 0.100000 0.021015 0.001123
2.900000 0.397982 0.100000 0.024975 0.001204
3.100000 0.422059 0.100000 0.029709 0.001218
3.300000 0.424908 0.100000 0.033300 0.001232
3.500000 0.442105 0.100000 0.040961 0.001350
3.700000 0.419255 0.100000 0.042987 0.001673
3.900000 0.434959 0.100000 0.050371 0.001851
4.100000 0.445498 0.100000 0.055245 0.002341
4.300000 0.469880 0.100000 0.064503 0.002545
4.500000 0.439655 0.100000 0.073868 0.004596
4.700000 0.468085 0.100000 0.085502 0.002896
4.900000 0.537500 0.100000 0.101637 0.003313
5.100000 0.535211 0.100000 0.107577 0.004124
5.300000 0.507692 0.100000 0.108518 0.002909
5.500000 0.509434 0.100000 0.120452 0.003661
5.700000 0.477273 0.100000 0.126586 0.006498
5.900000 0.377778 0.100000 0.107548 0.020228
6.100000 0.294118 0.100000 0.105805 0.006259
6.300000 0.481481 0.100000 0.162538 0.009387
6.500000 0.527778 0.100000 0.149660 0.003313
6.700000 0.500000 0.100000 0.169842 0.006776
6.900000 0.588235 0.100000 0.234427 0.010960
7.100000 0.647059 0.100000 0.250381 0.014350
7.300000 0.470588 0.100000 0.201763 0.006574
7.500000 0.400000 0.100000 0.334664 0.011997
7.700000 0.222222 0.100000 0.173719 0.000834
