0.100000 0.000000 0.100000 0.000000 0.000000
0.300000 0.000353 0.100000 0.000112 0.013401
0.500000 0.016446 0.100000 0.000757 0.001264
0.700000 0.096249 0.100000 0.002184 0.001143
0.900000 0.191246 0.100000 0.003756 0.001083
1.100000 0.244237 0.100000 0.005011 0.001021
1.300000 0.285953 0.100000 0.006395 0.001022
1.500000 0.319202 0.100000 0.007832 0.001000
1.700000 0.355922 0.100000 0.009736 0.001012
1.900000 0.374738 0.100000 0.011619 0.001016
2.100000 0.406839 0.100000 0.014132 0.001084
2.300000 0.431193 0.100000 0.017735 0.001026
2.500000 0.462220 0.100000 0.019974 0.001059
2.700000 0.484194 0.100000 0.023539 0.001133
2.900000 0.459641 0.100000 0.027425 0.001142
3.100000 0.486765 0.100000 0.032623 0.001145
3.300000 0.498168 0.100000 0.036972 0.001205
3.500000 0.523684 0.100000 0.045824 0.001219
3.700000 0.515528 0.100000 0.049258 0.001514
3.900000 0.536585 0.100000 0.057894 0.001659
4.100000 0.507109 0.100000 0.060184 0.001873
4.300000 0.584337 0.100000 0.074680 0.002342
4.500000 0.551724 0.100000 0.085909 0.004217
4.700000 0.595745 0.100000 0.100565 0.002642
4.900000 0.625000 0.100000 0.112673 0.003246
5.100000 0.577465 0.100000 0.113270 0.003708
5.300000 0.600000 0.100000 0.121529 0.003227
5.500000 0.566038 0.100000 0.129326 0.003721
5.700000 0.590909 0.100000 0.146169 0.006473
5.900000 0.488889 0.100000 0.127183 0.009016
6.100000 0.382353 0.100000 0.124682 0.006130
6.300000 0.481481 0.100000 0.162538 0.009766
6.500000 0.611111 0.100000 0.165376 0.003800
6.700000 0.538462 0.100000 0.178498 0.007126
6.900000 0.588235 0.100000 0.234427 0.010960
7.100000 0.647059 0.100000 0.250381 0.014350
7.300000 0.470588 0.100000 0.201763 0.006574
7.500000 0.800000 0.100000 0.536656 0.016291
7.700000 0.444444 0.100000 0.267078 0.012762
